8521663 44692837
8521496 44693060
8521416 44693112
8521261 44693133
8521114 44693112
8521037 44693065
8520850 44692885
8520727 44692838
8520577 44692832
8520393 44692866
8519826 44693028
8519662 44693035
8519530 44692998
8519392 44692885
8519114 44692528
8519039 44692466
8518964 44692432
8518819 44692433
8518423 44692571
8518247 44692583
8518149 44692547
8517931 44692420
8517832 44692395
8517774 44692407
8517714 44692443
8517447 44692734
8517375 44692786
8517304 44692810
8517115 44692810
8517039 44692780
8516961 44692714
8516691 44692357
8516637 44692322
8516587 44692319
8516520 44692379
8516374 44692632
8516285 44692697
8516097 44692697
8516003 44692674
8515913 44692629
8515744 44692470
8515592 44692231
8515380 44691791
8515267 44691527
8515253 44691329
8515330 44690871
8515304 44690697
8515226 44690580
8514949 44690335
8514852 44690207
8514784 44690042
8514739 44689867
8514688 44689561
8514701 44689474
8514739 44689414
8514890 44689339
8514951 44689279
8514995 44689193
8515080 44688775
8515154 44688622
8515320 44688460
8515531 44688320
8515629 44688283
8515879 44688224
8515984 44688170
8516050 44688079
8516150 44687829
8516210 44687755
8516326 44687704
8516597 44687669
8516700 44687641
8516796 44687588
8516892 44687508
8517252 44687108
8517417 44687000
8517765 44686877
8517886 44686866
8517983 44686887
8518054 44686944
8518194 44687120
8518247 44687151
8518283 44687136
8518317 44687089
8518418 44686801
8518473 44686698
8518667 44686502
8518888 44686359
8519076 44686275
8519217 44686231
8519331 44686221
8519417 44686246
8519466 44686298
8519556 44686463
8519605 44686510
8519761 44686541
8519945 44686510
8520026 44686441
8520166 44686174
8520246 44686095
8520301 44686082
8520372 44686090
8520701 44686192
8520765 44686191
8520812 44686170
8520889 44686075
8520963 44685906
8521032 44685618
8521029 44685505
8521001 44685416
8520953 44685358
8520794 44685248
8520737 44685189
8520687 44685089
8520624 44684887
8520523 44684559
8520445 44684234
8520390 44683916
8520360 44683605
8520394 44683134
8520386 44683063
8520360 44683039
8520294 44683076
8520058 44683303
8519705 44683506
8519537 44683569
8519379 44683605
8519285 44683605
8519176 44683581
8518683 44683392
8518568 44683384
8518473 44683416
8518247 44683642
8518082 44683740
8517900 44683808
8517725 44683839
8517568 44683831
8517474 44683795
8517275 44683672
8517191 44683642
8517068 44683632
8516889 44683642
8516634 44683679
8516398 44683743
8516192 44683832
8516021 44683944
8515819 44684218
8515719 44684284
8515531 44684284
8515429 44684237
8515213 44684032
8515116 44683982
8515043 44683988
8514964 44684028
8514636 44684347
8514553 44684405
8514475 44684435
8514224 44684468
8514133 44684460
8514060 44684435
8513963 44684361
8513871 44684246
8513823 44684146
8513795 44684023
8513795 44683718
8513831 44683595
8513981 44683313
8514022 44683190
8514025 44683093
8514003 44682997
8513958 44682900
8513886 44682800
8513709 44682623
8513153 44682159
8513019 44682011
8512928 44681869
8512800 44681641
8512777 44681530
8512809 44681468
8512884 44681410
8513230 44681266
8513393 44681228
8513877 44681200
8513976 44681154
8514022 44681077
8514033 44680973
8514022 44680889
8513996 44680847
8513946 44680814
8513694 44680745
8513607 44680700
8513449 44680525
8513343 44680323
8513313 44680150
8513331 44679947
8513394 44679731
8513494 44679530
8513586 44679402
8513682 44679304
8513784 44679252
8514056 44679180
8514135 44679115
8514152 44679038
8514143 44678933
8514110 44678812
8514060 44678700
8513992 44678622
8513758 44678436
8513638 44678259
8513531 44678023
8513447 44677751
8513396 44677477
8513384 44677239
8513411 44677049
8513473 44676919
8513569 44676852
8513695 44676847
8514052 44676918
8514210 44676927
8514487 44676849
8514588 44676852
8514650 44676907
8514766 44677091
8514814 44677116
8514848 44677083
8514920 44676930
8514965 44676890
8515116 44676890
8515293 44676915
8515466 44676967
8515633 44677047
8515795 44677154
8515833 44677116
8515881 44676953
8515948 44676823
8516032 44676726
8516134 44676663
8516219 44676653
8516436 44676682
8516512 44676663
8516559 44676596
8516618 44676381
8516663 44676324
8516723 44676304
8516897 44676303
8516964 44676286
8517032 44676212
8517128 44675955
8517191 44675871
8517315 44675840
8517651 44675871
8517757 44675833
8517799 44675760
8517861 44675540
8517908 44675494
8517953 44675510
8518081 44675619
8518134 44675645
8518170 44675635
8518202 44675599
8518321 44675312
8518398 44675230
8518482 44675225
8518698 44675278
8518775 44675267
8518829 44675214
8518919 44675044
8518964 44675003
8519051 44675008
8519288 44675138
8519379 44675154
8519424 44675128
8519464 44675072
8519598 44674739
8519681 44674664
8519748 44674657
8519918 44674676
8519982 44674664
8520035 44674610
8520123 44674437
8520171 44674400
8520226 44674409
8520376 44674498
8520435 44674513
8520500 44674460
8520602 44674207
8520661 44674136
8520708 44674127
8520766 44674139
8521065 44674302
8521190 44674324
8521290 44674268
8521496 44674024
8521605 44673947
8521884 44673866
8521968 44673872
8522020 44673909
8522057 44674023
8522084 44674036
8522121 44674012
8522285 44673790
8522359 44673721
8522474 44673672
8522616 44673644
8523038 44673645
8523395 44673731
8523529 44673721
8523591 44673676
8523725 44673510
8523793 44673457
8523854 44673443
8523931 44673453
8524274 44673580
8524396 44673570
8524585 44673419
8524752 44673389
8524924 44673419
8524981 44673458
8525097 44673584
8525151 44673608
8525209 44673576
8525323 44673427
8525377 44673381
8525435 44673368
8525505 44673378
8525873 44673563
8525954 44673582
8526018 44673570
8526090 44673512
8526283 44673268
8526393 44673222
8526531 44673225
8526702 44673275
8527094 44673449
8527263 44673508
8527430 44673528
8527565 44673494
8527756 44673337
8527829 44673306
8527909 44673336
8528084 44673521
8528169 44673570
8528264 44673557
8528498 44673449
8528546 44673443
8528584 44673457
8528697 44673645
8528775 44673668
8528991 44673635
8529074 44673645
8529147 44673713
8529271 44673932
8529338 44673985
8529407 44673990
8529602 44673945
8529678 44673947
8529724 44673976
8529761 44674030
8529865 44674365
8529942 44674475
8530029 44674513
8530291 44674549
8530395 44674588
8530482 44674663
8530564 44674766
8530696 44675041
8530709 44675157
8530681 44675472
8530697 44675535
8530734 44675569
8530960 44675569
8531031 44675592
8531094 44675637
8531195 44675795
8531259 44676034
8531276 44676326
8531244 44676630
8531167 44676891
8531057 44677070
8530992 44677124
8530923 44677154
8530630 44677143
8530545 44677154
8530473 44677196
8530413 44677273
8530244 44677717
8530192 44677807
8530131 44677871
8529980 44677977
8529866 44678021
8529788 44678018
8529605 44677956
8529527 44677946
8529405 44677989
8529155 44678191
8529036 44678248
8528921 44678249
8528632 44678186
8528563 44678189
8528508 44678210
8528357 44678361
8528260 44678380
8527982 44678311
8527867 44678323
8527716 44678436
8527631 44678438
8527448 44678372
8527377 44678361
8527300 44678384
8527228 44678443
8526947 44678919
8526863 44679003
8526773 44679040
8526637 44679054
8526547 44679040
8526499 44679003
8526410 44678860
8526358 44678814
8526268 44678784
8526169 44678776
8526083 44678801
8525996 44678868
8525792 44679153
8525729 44679319
8525667 44679729
8525603 44679870
8525541 44679930
8525449 44679982
8524972 44680145
8524891 44680208
8524849 44680285
8524835 44680417
8524849 44680587
8524894 44680769
8524966 44680939
8525054 44681069
8525151 44681153
8525282 44681172
8525643 44681110
8525710 44681121
8525754 44681153
8525780 44681218
8525804 44681404
8525830 44681454
8525897 44681457
8526142 44681316
8526200 44681299
8526245 44681304
8526295 44681339
8526433 44681492
8526529 44681530
8526765 44681566
8526848 44681605
8526898 44681663
8526987 44681825
8527037 44681869
8527122 44681861
8527355 44681706
8527452 44681681
8527543 44681735
8527711 44681952
8527792 44682020
8527874 44682046
8527973 44682046
8528481 44681898
8528598 44681888
8528697 44681907
8528892 44682037
8528961 44682058
8529023 44682022
8529151 44681816
8529225 44681756
8529314 44681745
8529451 44681756
8529538 44681780
8529629 44681832
8529982 44682124
8530059 44682160
8530131 44682171
8530260 44682131
8530578 44681893
8530734 44681832
8530926 44681831
8531111 44681869
8531236 44681929
8531361 44682027
8531489 44682164
8531640 44682360
8531724 44682543
8531853 44683046
8531908 44683141
8531979 44683190
8532039 44683195
8532114 44683177
8532479 44683012
8532620 44683001
8532922 44683152
8533132 44683217
8533316 44683252
8533473 44683255
8533601 44683228
8533660 44683192
8533719 44683130
8533942 44682801
8533998 44682754
8534054 44682737
8534133 44682749
8534228 44682793
8534507 44683001
8534796 44683274
8534909 44683419
8534997 44683567
8535028 44683661
8535077 44683947
8535106 44684001
8535148 44684020
8535337 44683944
8535398 44683958
8535464 44684002
8535638 44684208
8535754 44684392
8535865 44684661
8535917 44684844
8535951 44685055
8535978 44685680
8536022 44686305
8536019 44686584
8535969 44686840
8535865 44687038
8535525 44687340
8535443 44687468
8535386 44687642
8535304 44688294
8535257 44688497
8535168 44688653
8535107 44688703
8535035 44688735
8534771 44688773
8534667 44688820
8534561 44688895
8534318 44689150
8534228 44689321
8534086 44689816
8534022 44689906
8533941 44689943
8533601 44689867
8533538 44689884
8533473 44689923
8533229 44690170
8533111 44690244
8533007 44690264
8532737 44690264
8532620 44690282
8532478 44690358
8532193 44690611
8532054 44690697
8531640 44690810
8531535 44690873
8531307 44691055
8531187 44691112
8530772 44691112
8530692 44691146
8530611 44691211
8530313 44691564
8530241 44691615
8530168 44691640
8530074 44691643
8529753 44691603
8529640 44691632
8529526 44691700
8529072 44692157
8528958 44692238
8528848 44692282
8528749 44692292
8528632 44692280
8528116 44692152
8528002 44692148
8527905 44692168
8527792 44692225
8527490 44692432
8527178 44692556
8526773 44692659
8526392 44692740
8526169 44692734
8526060 44692683
8525824 44692503
8525717 44692470
8525656 44692484
8525590 44692523
8525362 44692741
8525264 44692810
8525032 44692897
8524765 44692945
8524471 44692954
8524170 44692923
8523800 44692797
8523679 44692772
8523568 44692777
8523444 44692811
8522933 44693049
8522830 44693073
8522736 44693074
8522568 44693021
8522207 44692816
8522057 44692772
8521875 44692757
8521756 44692772
8521663 44692837
