208730.57 435003.51
208799.29 434990.69
208800.84 434992.08
208857.99 435043.28
209187.09 434756.2
209195.07 434749.25
209425.15 434549.15
209622.07 434377.89
209756.9 434260.47
209747.26 434232.1
209826.45 434194.04
209851.92 434182.89
209863.5 434178.49
209873.15 434172.78
209926.65 434133.4
209928.5 434127.02
209988.48 434094.47
210053.24 434059.31
210072.86 434048.66
210088.42 434040.22
210140.45 434033.04
210246.55 434008.76
210336.39 433988.13
210353.17 433938.07
210303.47 433857.59
210255.13 433764.92
210232.15 433684.68
210238.4 433667.7
210255.07 433646.64
210271.34 433623.37
210309.37 433575.9
210365.0 433514.16
210365.68 433509.14
210302.43 433500.34
210223.49 433488.02
210144.61 433475.71
210062.88 433461.63
209991.97 433449.42
209901.12 433408.62
209810.22 433367.82
209719.28 433326.98
209729.31 433283.99
209739.35 433240.94
209762.61 433188.95
209785.87 433136.94
209809.15 433084.87
209833.08 433047.19
209822.59 433012.34
209829.21 432966.97
209853.29 432937.18
209916.38 432861.23
209981.53 432786.36
210047.64 432712.63
210115.11 432640.06
210183.74 432568.65
210253.75 432498.58
210324.96 432429.88
210361.05 432395.78
210369.98 432387.53
210397.22 432362.46
210470.87 432296.23
210516.29 432256.74
210545.6 432231.3
210621.4 432167.79
210649.16 432145.54
210698.75 432105.24
210776.92 432044.78
210855.94 431985.57
210936.23 431927.44
211017.7 431871.11
211100.14 431816.01
211183.23 431762.42
211267.55 431710.58
211352.54 431659.96
211438.43 431610.91
211525.37 431563.53
211679.52 431484.41
211763.41 431444.39
211967.38 431354.13
212008.46 431337.13
212017.36 431333.02
212019.36 431332.12
212047.86 431345.33
212058.9 431349.13
212078.06 431352.49
212123.99 431353.46
212153.32 431354.61
212174.29 431356.68
212199.66 431360.57
212240.17 431369.06
212333.15 431392.03
212386.64 431404.16
212418.52 431409.16
212536.5 431431.23
212562.31 431435.29
212614.63 431436.9
212655.17 431438.69
212673.14 431440.17
212685.82 431444.91
212723.97 431461.66
212805.64 431492.9
212819.88 431497.82
212850.53 431506.95
213002.2 431554.81
213112.6 431585.98
213275.88 431629.34
213291.33 431633.02
213300.51 431633.02
213314.36 431632.57
213323.43 431630.67
213352.08 431620.33
213413.72 431598.9
213422.03 431598.88
213451.36 431600.36
213459.43 431599.45
213483.78 431593.94
213505.63 431584.67
213532.2 431567.96
213560.04 431555.32
213622.51 431534.76
213676.99 431518.0
213686.2 431515.61
213692.7 431514.54
213701.31 431513.56
213708.33 431513.55
213734.09 431515.9
213759.26 431519.93
213772.57 431521.9
213779.54 431521.83
213789.66 431519.11
213818.63 431509.94
213846.9 431503.41
213860.02 431502.17
213871.73 431502.94
213879.6 431505.82
213888.55 431511.05
213902.57 431520.79
213916.62 431528.29
213922.66 431531.02
214030.51 431577.71
214044.42 431582.41
214109.26 431601.27
214131.26 431608.21
214152.35 431613.55
214163.35 431614.31
214180.52 431610.36
214195.04 431604.92
214241.2 431586.69
214264.31 431576.74
214298.43 431567.77
214344.15 431558.22
214358.19 431555.5
214412.35 431547.62
214434.41 431543.59
214607.45 431505.09
214637.79 431498.84
214676.18 431492.49
214775.03 431477.93
214819.06 431468.52
214924.97 431448.62
214954.02 431444.15
214999.92 431439.7
215043.53 431432.45
215056.41 431430.49
215068.11 431431.15
215091.35 431433.79
215112.53 431434.45
215144.93 431433.27
215161.78 431431.97
215199.59 431427.54
215229.16 431424.32
215238.21 431425.68
215249.32 431430.13
215260.87 431436.48
215269.51 431441.61
215284.96 431455.19
215324.54 431496.43
215363.67 431535.31
215397.06 431563.89
215438.01 431598.53
215461.69 431620.0
215476.57 431634.07
215486.42 431647.71
215526.11 431716.63
215534.0 431729.84
215591.12 431823.34
215681.96 431973.68
215722.83 432040.2
215733.9 432057.9
215746.06 432071.55
215758.17 432081.76
215776.93 432092.97
215811.18 432111.09
215833.26 432121.74
215855.54 432135.07
215865.22 432139.28
215928.43 432156.5
215975.88 432167.18
215978.84 432167.45
215985.37 432167.51
216094.36 432167.35
216124.82 432166.34
216174.3 432161.6
216258.04 432151.95
216292.68 432143.58
216324.98 432134.37
216362.63 432132.53
216374.52 432130.69
216405.08 432121.21
216477.86 432101.31
216529.91 432068.5
216607.89 432013.75
216633.16 431994.0
216663.59 431961.7
216692.74 431928.21
216721.7 431893.72
216746.8 431884.01
216776.42 431878.15
216809.89 431878.65
216845.54 431877.15
216870.98 431872.63
216883.07 431869.76
216928.21 431859.74
217007.87 431837.3
217036.1 431825.25
217072.14 431805.33
217129.58 431765.86
217169.71 431737.86
217201.17 431722.13
217238.48 431699.23
217284.68 431672.57
217299.41 431661.69
217322.5 431640.26
217335.38 431631.63
217360.66 431619.84
217401.83 431594.39
217438.98 431573.47
217463.75 431558.4
217521.49 431504.16
217541.07 431490.6
217566.34 431476.04
217591.94 431464.82
217615.07 431457.28
217644.49 431449.75
217744.41 431428.16
217773.53 431426.59
217783.57 431426.48
217790.43 431425.14
217795.12 431422.13
217797.62 431417.64
217799.41 431423.2
217802.31 431428.64
217808.42 431485.04
217832.0 431490.4
217853.5 431491.39
217948.22 431496.8
217953.86 431516.7
217981.57 431523.36
218026.14 431532.0
218078.34 431540.8
218132.82 431546.34
218182.53 431554.02
218233.87 431557.92
218697.18 431591.42
218711.38 431456.96
218734.35 431459.97
218731.46 431506.72
218964.62 431541.06
218994.38 431540.45
219073.82 431531.17
219126.72 431527.58
219239.9 431516.83
219252.93 431514.53
219263.66 431515.36
219278.02 431519.55
219312.86 431523.62
219359.95 431531.52
219366.94 431533.82
219377.42 431536.86
219400.61 431546.62
219422.34 431551.87
219443.17 431558.02
219452.66 431560.19
219467.15 431563.01
219502.22 431570.46
219507.73 431571.36
219520.46 431574.18
219538.42 431580.42
219543.04 431581.44
219559.38 431586.53
219573.86 431591.62
219583.34 431594.56
219589.33 431598.08
219875.09 431827.01
219748.61 431949.34
219742.8 431957.54
219736.59 431972.9
219733.26 431986.02
219730.54 431999.62
219730.22 432011.49
219730.83 432035.87
219730.38 432047.01
219731.38 432071.9
219733.7 432080.54
219737.14 432089.31
219742.48 432094.82
219749.95 432101.12
219765.9 432108.1
219774.38 432111.26
219791.7 432120.86
219806.53 432129.57
219820.62 432135.65
219841.58 432142.53
219891.71 432163.46
220000.0 432223.1
220026.43 432236.15
220000.0 432272.0
219838.1 432494.5
219853.26 432508.8
219808.74 432555.46
219754.61 432617.79
219734.75 432636.54
219674.0 432699.74
219872.06 432837.5
219791.22 432935.58
219865.38 432995.14
219788.27 433094.98
219722.54 433278.4
219705.9 433321.57
219693.26 433346.24
219661.09 433439.97
219654.7 433459.07
219649.38 433474.3
219594.98 433624.26
219587.89 433639.36
219576.26 433662.3
219569.39 433680.26
219536.75 433745.09
219519.46 433773.38
219510.22 433789.6
219963.65 434141.86
219976.74 434149.82
219983.95 434154.5
219986.66 434161.86
219991.25 434169.02
219996.94 434177.06
220000.0 434229.2
220041.25 434275.9
220000.0 434315.5
219903.12 434418.72
219895.06 434428.29
219889.02 434435.01
219879.86 434442.08
219870.93 434450.43
219864.29 434453.25
219848.86 434460.42
219839.36 434461.12
219829.49 434462.94
219796.82 434470.02
219756.9 434477.66
219711.71 434485.28
219631.2 434508.22
219531.78 434534.91
219422.59 434566.18
219402.43 434572.8
219367.86 434585.73
219353.94 434593.28
219340.88 434601.98
219321.42 434613.73
219305.38 434622.66
219288.82 434631.3
219273.26 434640.86
219263.49 434644.93
219249.07 434652.96
219233.89 434663.62
219220.3 434674.82
219209.5 434683.36
219197.7 434694.05
219185.12 434706.88
219173.3 434717.79
219166.02 434725.38
219152.91 434741.18
219135.09 434755.1
219128.05 434761.7
219122.26 434765.66
219115.98 434769.25
219109.1 434772.19
219099.46 434775.3
219091.94 434777.38
219081.06 434780.67
219069.9 434782.98
219056.53 434783.42
219046.77 434784.48
219012.78 434781.54
218939.23 434777.79
218903.24 434777.74
218782.74 434851.87
218743.17 434884.67
218721.02 434908.16
218704.45 434921.95
218605.73 434997.41
218594.3 435005.6
218584.66 435011.17
218573.97 435019.62
218571.13 435021.6
218554.59 435029.22
218546.32 435036.17
218536.83 435052.15
218529.45 435069.28
218517.34 435104.03
218508.02 435117.89
218481.58 435147.87
218474.14 435157.86
218458.9 435179.52
218446.27 435199.46
218432.53 435220.38
218414.59 435249.41
218404.85 435270.98
218391.02 435302.3
218377.57 435336.96
218373.49 435349.95
218349.97 435394.98
218319.17 435447.55
218298.02 435492.93
218290.3 435506.66
218286.11 435517.76
218282.29 435531.97
218274.08 435564.58
218262.62 435640.42
218255.42 435675.14
218234.61 435728.13
218230.22 435749.12
218228.72 435792.13
218228.59 435834.4
218230.9 435847.3
218230.83 435858.53
218232.62 435870.53
218233.58 435878.82
218238.06 435902.34
218239.23 435916.1
218242.02 435930.5
218244.54 435945.63
218249.97 435961.41
218254.13 435977.57
218272.58 436069.7
218279.79 436094.75
218283.86 436105.89
218313.2 436153.06
218315.9 436160.1
218321.1 436167.14
218328.94 436173.06
218333.57 436174.34
218339.55 436176.86
218406.18 436200.22
218360.99 436271.01
218417.86 436314.46
218509.04 436222.94
218527.12 436229.66
218555.65 436183.33
218591.14 436208.16
218584.96 436215.26
218660.18 436264.06
218649.82 436280.99
218883.38 436415.18
218925.81 436482.21
218926.37 436485.63
218944.69 436558.98
218944.58 436574.75
218943.17 436582.98
218940.24 436590.85
218938.59 436593.98
218936.03 436603.84
218927.84 436740.93
218928.67 436747.71
218931.74 436756.83
218935.46 436765.25
218939.17 436771.14
218943.89 436776.54
218948.1 436782.82
218953.3 436791.97
218957.49 436800.38
218960.21 436806.78
218961.9 436813.79
218962.59 436824.29
218962.54 436833.79
218959.1 436843.39
218955.78 436857.76
218890.26 437046.69
218887.23 437052.42
218881.95 437057.38
218805.82 437139.49
218766.96 437179.9
218754.88 437193.82
218746.1 437200.42
218730.77 437214.08
218694.85 437240.9
218607.98 437299.78
218599.34 437303.23
218588.82 437306.56
218579.06 437309.12
218564.78 437313.18
218544.26 437317.7
218494.72 437323.3
218462.98 437322.98
218436.48 437321.57
218395.63 437316.22
218361.81 437307.65
218327.12 437296.19
218283.58 437280.06
218257.34 437280.8
218254.14 437269.79
218202.06 437241.47
218144.45 437281.15
218035.6 437276.16
218038.53 437267.3
217962.9 437247.74
217924.1 437234.91
217887.52 437226.21
217872.02 437226.5
217852.64 437227.62
217818.74 437231.68
217784.46 437236.13
217749.42 437242.66
217725.89 437246.66
217694.96 437255.87
217669.02 437266.72
217639.97 437276.45
217578.94 437299.46
217474.7 437339.14
217462.16 437325.57
217196.21 437484.1
217187.41 437490.94
217181.62 437497.92
217180.06 437500.0
217185.02 437500.0
217176.61 437519.42
217172.56 437529.54
217165.65 437551.68
217163.82 437565.86
217163.98 437573.86
217163.82 437583.74
217163.38 437591.74
217161.97 437601.79
217160.21 437607.68
217157.9 437611.36
217154.21 437619.58
217144.94 437637.15
217140.82 437642.75
217136.53 437647.46
217131.89 437652.19
217119.94 437661.31
217114.7 437667.81
217111.1 437674.88
217107.82 437685.7
217107.02 437695.36
217106.58 437709.12
217109.1 437722.46
217110.06 437732.67
217109.49 437740.32
217107.49 437746.37
217104.26 437753.18
217100.61 437758.27
217094.86 437758.78
217063.25 437765.44
217061.06 437780.61
217062.85 437794.08
217062.96 437811.71
217064.29 437826.69
217064.38 437843.58
217063.68 437857.73
217067.95 437875.9
217065.66 437891.94
217070.59 437912.22
217073.94 437928.16
217076.19 437940.61
217078.82 437957.95
217080.77 437967.9
217084.61 437983.46
217086.77 437991.55
217091.34 438007.2
217096.08 438017.86
217101.33 438028.99
217110.3 438045.95
217122.7 438070.08
217129.3 438086.69
217130.83 438099.78
217134.18 438116.22
217141.02 438132.32
217146.62 438148.83
217152.94 438163.71
217156.93 438174.5
217163.22 438188.26
217169.41 438203.26
217174.66 438220.9
217190.14 438255.58
217194.78 438267.49
217198.86 438283.17
217207.74 438307.36
217233.55 438368.48
217239.98 438382.72
217256.24 438412.38
217287.23 438476.0
217290.45 438480.54
217292.98 438487.65
217294.83 438498.24
217296.21 438510.59
217301.36 438523.23
217304.99 438535.14
217308.98 438546.46
217312.69 438555.87
217317.58 438563.52
217323.94 438568.13
217330.48 438569.76
217335.22 438569.02
217352.29 438559.65
217363.34 438562.18
217372.85 438562.11
217380.88 438563.68
217392.69 438565.7
217402.27 438569.98
217412.06 438577.54
217418.58 438583.9
217432.21 438589.86
217441.25 438597.06
217453.01 438609.66
217460.35 438619.78
217468.5 438626.34
217475.94 438634.82
217480.06 438640.99
217485.76 438650.5
217491.02 438656.9
217494.82 438664.8
217499.17 438669.6
217503.09 438677.38
217505.65 438686.08
217507.31 438693.57
217501.06 438735.2
217500.13 438749.86
217497.78 438763.55
217492.98 438772.9
217488.9 438786.5
217482.29 438799.74
217475.81 438824.03
217470.78 438858.78
217470.38 438869.54
217472.4 438882.37
217472.38 438893.15
217473.82 438902.37
217475.06 438913.6
217475.86 438927.2
217477.18 438937.44
217479.58 438950.37
217481.66 438965.47
217485.1 438974.66
217486.99 438986.62
217495.62 439004.58
217499.57 439013.5
217506.45 439025.6
217512.21 439037.6
217528.82 439060.13
217538.77 439069.82
217548.18 439082.98
217568.06 439100.58
217591.81 439117.34
217600.02 439121.28
217607.87 439126.37
217618.42 439133.66
217624.86 439137.63
217630.45 439140.64
217655.7 439158.37
217669.89 439173.22
217672.85 439176.77
217677.14 439184.16
217680.29 439191.1
217684.56 439198.4
217687.38 439207.23
217688.93 439215.81
217691.1 439224.51
217691.06 439233.76
217690.77 439243.9
217691.9 439256.03
217687.36 439271.62
217681.94 439299.36
217680.93 439340.67
217689.28 439339.1
217704.94 439334.66
217721.65 439332.29
217736.3 439327.62
217750.74 439323.3
217763.36 439317.41
217773.42 439308.19
217780.61 439299.04
217792.16 439283.3
217803.38 439270.02
217810.58 439260.99
217813.17 439253.18
217820.13 439245.79
217827.89 439240.13
217840.69 439236.22
217847.9 439234.94
217858.14 439233.6
217878.18 439234.3
217895.71 439235.81
217902.72 439236.03
217912.75 439237.31
217922.02 439238.02
217929.55 439239.46
217938.14 439243.78
217947.23 439247.46
217954.96 439252.42
217959.39 439254.72
217963.12 439253.5
217969.79 439249.63
217980.19 439244.9
217988.37 439240.96
217999.36 439234.5
218023.02 439223.74
218036.4 439217.95
218040.85 439214.85
218048.34 439214.3
218053.92 439212.58
218082.51 439215.97
218088.58 439212.83
218093.58 439207.84
218104.74 439195.97
218116.34 439182.98
218126.61 439172.26
218136.85 439159.9
218149.9 439149.76
218161.66 439138.62
218179.9 439125.31
218182.75 439130.05
218189.33 439139.9
218194.34 439145.76
218201.09 439156.93
218205.98 439164.32
218214.66 439172.51
218221.17 439184.51
218222.53 439195.36
218226.13 439206.05
218229.82 439215.46
218230.32 439220.96
218227.42 439226.4
218221.49 439235.01
218215.2 439245.28
218209.25 439253.92
218203.33 439263.17
218193.04 439273.76
218181.73 439282.5
218163.01 439302.78
218152.32 439311.65
218162.53 439321.18
218153.09 439330.27
218147.6 439348.77
218134.5 439361.79
218121.92 439376.45
218107.46 439390.5
218096.64 439399.36
218086.3 439407.23
218080.93 439412.96
218076.08 439420.54
218071.76 439435.55
218063.06 439455.1
218059.49 439458.43
218053.34 439463.46
218044.14 439472.0
218034.1 439481.86
218026.77 439489.63
218020.42 439496.77
218015.04 439503.26
218009.01 439513.79
218001.73 439523.94
217995.87 439531.07
217989.42 439539.84
217976.99 439548.96
217966.54 439557.7
217956.06 439565.31
217947.78 439568.86
217937.34 439572.83
217928.37 439573.76
217873.12 439623.07
217869.14 439629.31
217868.18 439637.95
217868.06 439644.45
217870.16 439654.78
217873.46 439662.46
217877.22 439668.77
217892.21 439691.33
217895.66 439695.52
217900.34 439703.55
217902.26 439711.62
217902.64 439717.89
217902.43 439725.63
217900.98 439733.92
217898.94 439744.1
217896.42 439755.14
217894.64 439765.57
217893.87 439776.35
217894.08 439786.34
217895.68 439809.06
217897.02 439819.65
217899.04 439831.74
217902.02 439842.18
217902.7 439844.1
217914.14 439866.72
217914.66 439890.62
217899.66 439913.5
217656.67 439891.87
217660.74 439879.68
217653.89 439880.19
217642.69 439881.98
217388.78 439860.9
217368.7 439863.94
217356.75 439874.08
217113.76 439861.12
216755.38 439844.86
216573.65 439833.92
216351.76 439812.32
216271.44 439791.23
216245.26 439771.65
216185.26 439707.1
216142.32 439664.9
216091.23 439646.11
216035.06 439641.79
215908.48 439643.55
215912.29 439787.42
215453.5 439761.76
215293.65 439754.37
215210.27 439752.61
215202.14 439746.24
215123.86 439749.28
215119.28 439754.37
214857.23 439766.82
214629.3 439781.03
214530.8 439788.27
214521.94 439789.05
214322.32 439803.94
214291.89 439805.66
214208.23 439811.06
213989.15 439826.02
213657.94 439849.94
213631.45 439852.03
213615.99 439853.01
213427.33 439867.49
213355.44 439874.48
213242.34 439882.7
213165.55 439887.97
212988.66 439900.85
212875.32 439908.82
212828.21 439911.65
212766.39 439913.12
212750.93 439913.98
212682.97 439914.71
212607.65 439912.38
212567.91 439912.26
212507.31 439910.3
212489.16 439909.19
212471.25 439908.95
212399.12 439905.02
212391.51 439904.16
212309.08 439900.97
212348.82 439832.16
212294.85 439793.88
212288.71 439790.2
212270.56 439778.8
212220.02 439746.66
212210.7 439742.49
212196.96 439738.32
212186.16 439737.21
212172.42 439736.48
212155.99 439737.46
212144.46 439739.91
212129.49 439745.8
212115.26 439754.02
212105.69 439759.9
212092.94 439770.7
212075.27 439789.35
212048.04 439820.99
212037.49 439831.54
212017.57 439845.42
211981.36 439796.03
211952.66 439811.01
211919.73 439773.95
211907.49 439756.45
211894.05 439742.24
211882.74 439733.22
211868.54 439725.25
211850.72 439721.54
211738.18 439710.91
211736.46 439694.43
211705.97 439694.94
211688.56 439711.94
211669.1 439726.88
211638.21 439744.03
211608.08 439750.43
211584.06 439756.54
211561.58 439758.3
211535.01 439754.5
211511.6 439747.97
211492.32 439741.12
211475.5 439732.48
211318.26 439647.39
211300.64 439642.53
211268.85 439635.2
211257.57 439633.95
211245.94 439628.42
211212.29 439609.89
211164.61 439643.9
211098.43 439613.92
211096.1 439598.46
211089.66 439577.47
211088.69 439566.75
211090.69 439555.2
211097.49 439533.41
211099.55 439524.61
211096.99 439486.66
211095.66 439453.54
211080.94 439377.82
211109.49 439367.58
211074.8 439264.77
211149.02 439179.17
211170.34 439175.07
211164.1 439152.32
211273.98 439132.86
211251.42 438993.92
211129.54 439061.66
210997.55 439136.35
210833.81 439229.5
210658.13 439331.52
210424.11 439467.1
210404.98 439479.46
210303.5 439648.67
210213.01 439674.85
210196.24 439680.22
210110.94 439727.68
210102.06 439733.86
210090.61 439746.98
210088.53 439755.68
210091.01 439766.75
210110.7 439882.02
210111.58 439893.73
210113.46 439905.22
210095.23 439990.02
210091.58 439995.58
210088.35 439995.9
210056.48 439990.94
210033.42 439989.06
210012.84 439990.75
209973.55 440004.88
209964.42 440011.66
209929.81 440046.96
209928.3 440051.74
209925.66 440061.22
209921.26 440072.54
209916.66 440081.47
209911.04 440089.79
209902.93 440097.7
209891.55 440107.04
209881.34 440113.15
209837.25 440175.71
209834.16 440182.3
209830.21 440188.48
209828.13 440193.7
209824.66 440200.93
209821.81 440208.77
209815.94 440218.43
209801.49 440231.74
209794.3 440235.78
209782.62 440239.74
209772.26 440239.36
209763.65 440238.24
209749.14 440239.3
209739.38 440239.68
209713.06 440243.84
209694.38 440256.48
209687.66 440263.01
209679.65 440274.53
209672.93 440281.31
209657.5 440285.25
209645.5 440284.1
209628.56 440279.49
209617.98 440285.34
209610.19 440288.86
209592.1 440296.0
209581.3 440298.62
209565.86 440294.14
209558.3 440288.67
209548.14 440280.8
209539.71 440276.19
209499.82 440285.28
209478.99 440291.74
209462.14 440299.04
209437.23 440310.34
209407.31 440322.94
209396.85 440329.06
209390.27 440334.98
209385.57 440340.16
209380.26 440345.09
209272.75 440474.85
209256.13 440483.36
209240.74 440493.28
209233.25 440502.94
209230.21 440514.78
209228.58 440524.03
209228.45 440534.02
209226.85 440541.63
209226.22 440550.62
209223.9 440556.58
209217.2 440561.86
209209.9 440565.54
209179.65 440583.87
209160.67 440600.64
209138.46 440616.1
209120.05 440627.36
209106.54 440636.42
209099.06 440645.6
209098.06 440662.82
209098.67 440674.46
209097.9 440684.1
209098.42 440693.86
209097.55 440701.7
209095.26 440705.18
209090.85 440708.48
209080.42 440711.23
209068.38 440713.82
209048.85 440715.94
209027.57 440718.53
209004.34 440725.47
208997.3 440729.15
208991.87 440732.32
208980.94 440745.7
208976.94 440753.76
208975.49 440761.47
208983.71 440781.34
208987.89 440786.91
208990.56 440793.06
208990.85 440800.19
208989.25 440806.69
208983.9 440813.22
208974.83 440819.1
208959.65 440823.17
208943.84 440827.07
208816.26 440840.77
208808.51 440840.06
208796.82 440836.26
208789.89 440831.17
208782.8 440827.71
208777.58 440825.38
208767.65 440819.87
208755.54 440818.98
208744.75 440820.7
208734.45 440825.06
208725.36 440831.46
208716.74 440840.1
208710.13 440848.9
208705.78 440856.58
208701.41 440864.51
208697.26 440874.59
208688.46 440879.49
208508.37 441004.77
208497.9 441011.62
208483.12 441013.54
208471.86 441014.66
208448.48 441014.21
208433.47 441014.4
208418.42 441017.82
208408.7 441024.45
208399.54 441028.22
208383.74 441029.86
208370.99 441030.72
208354.93 441035.01
208340.86 441039.2
208333.15 441045.86
208324.16 441054.72
208314.38 441074.59
208310.29 441082.43
208306.32 441088.99
208294.11 441104.32
208281.23 441123.3
208267.9 441147.49
208264.56 441154.21
208261.95 441162.43
208263.25 441168.58
208264.38 441176.96
208265.89 441185.73
208268.02 441195.9
208269.79 441203.04
208270.02 441214.3
208268.18 441220.51
208264.82 441229.47
208259.95 441237.41
208254.06 441248.1
208239.25 441271.01
208221.7 441293.18
208212.1 441301.54
208199.23 441309.12
208193.54 441313.92
208186.22 441318.21
208161.81 441330.53
208149.46 441337.86
208021.17 441405.18
207994.82 441421.7
207985.18 441431.1
207978.58 441438.02
207971.92 441450.3
207964.9 441470.46
207956.78 441497.47
207949.62 441519.52
207947.17 441544.35
207942.85 441567.07
207933.63 441602.34
207922.1 441622.91
207912.18 441636.29
207894.82 441653.57
207877.97 441669.6
207860.06 441680.48
207851.7 441689.76
207842.48 441696.51
207834.86 441704.29
207826.62 441713.18
207821.1 441723.49
207813.7 441735.65
207741.39 441860.96
207722.06 441894.11
207707.66 441923.17
207682.1 441966.21
207664.96 441994.37
207652.66 442016.83
207644.18 442033.98
207620.64 442074.05
207609.9 442091.55
207539.39 442185.02
207479.52 442267.74
207475.63 442278.43
207471.06 442302.02
207467.42 442312.45
207436.02 442426.21
207418.74 442465.6
207414.1 442476.8
207407.62 442494.34
207404.19 442506.82
207401.95 442525.15
207401.78 442538.4
207402.7 442552.67
207405.14 442566.94
207406.22 442579.33
207406.11 442596.96
207402.13 442633.92
207392.56 442666.43
207387.49 442680.86
207380.61 442690.4
207373.09 442701.31
207361.5 442706.91
207338.3 442796.38
207334.72 442803.71
207298.82 442945.76
207296.72 442952.74
207294.74 442970.08
207290.25 443021.62
207375.8 443055.6
207372.47 443062.33
207363.19 443079.34
207298.31 443201.14
207288.33 443215.76
207280.75 443226.12
207278.28 443228.75
207269.0 443241.28
207252.06 443257.29
207240.31 443267.96
207229.79 443276.31
207219.58 443283.12
207205.35 443291.62
207189.27 443298.27
207177.05 443302.76
207168.12 443305.72
207160.77 443322.53
207061.49 443750.02
207042.42 443835.68
207014.38 443828.9
206977.78 443821.7
206934.99 443812.48
206855.25 443798.3
206787.06 443786.46
206599.34 443750.02
206588.66 443750.02
206474.1 443715.94
206396.26 443692.54
206321.63 443672.29
206253.63 443652.51
206188.02 443631.39
206136.82 443617.73
206140.1 443606.27
206113.81 443599.04
206097.36 443594.69
206080.58 443588.1
206057.74 443584.29
206041.58 443577.7
206023.15 443571.46
206003.22 443565.82
205992.75 443563.46
205982.3 443559.68
205974.4 443552.19
205962.03 443541.89
205917.2 443500.42
205869.3 443455.42
205699.73 443297.15
205672.21 443270.14
205646.93 443244.93
205617.5 443219.04
205605.28 443207.78
205595.17 443196.99
205586.54 443186.5
205577.55 443177.25
205567.57 443167.26
205541.62 443142.91
205532.9 443132.03
205526.38 443122.69
205517.28 443111.71
205503.3 443101.15
205487.87 443086.18
205466.22 443067.65
205446.69 443052.0
205432.08 443032.06
205426.78 443025.12
205423.41 443016.58
205423.94 443004.83
205426.06 442995.23
205432.1 442983.17
205449.66 442951.14
205458.75 442935.39
205466.13 442926.5
205477.18 442921.02
205487.02 442914.27
205495.84 442900.99
205503.09 442882.98
205521.66 442811.2
205506.4 442803.14
205473.57 442789.54
205450.3 442781.25
205407.01 442764.42
205374.7 442748.74
205351.81 442741.18
205327.92 442732.13
205299.33 442720.74
205275.7 442711.07
205262.51 442705.38
205230.59 442689.47
205156.5 442648.96
205115.39 442627.94
205082.86 442609.76
205034.64 442588.35
205019.68 442585.41
205000.37 442580.54
204985.04 442576.19
204963.38 442569.54
204947.2 442563.71
204932.1 442561.5
204911.92 442556.22
204891.36 442550.34
204873.44 442543.97
204858.05 442536.51
204835.98 442530.34
204829.63 442510.5
204803.73 442503.42
204788.14 442498.98
204768.0 442490.69
204745.65 442470.53
204720.64 442442.3
204699.06 442420.26
204676.91 442402.11
204627.58 442360.19
204617.33 442350.69
204605.81 442343.3
204584.58 442332.51
204562.45 442322.82
204526.62 442308.35
204495.22 442300.58
204465.15 442295.68
204429.04 442285.18
204395.82 442281.38
204346.42 442274.11
204335.68 442272.32
204324.18 442272.29
204207.57 442260.77
204195.06 442260.74
204187.06 442260.38
204146.86 442264.35
204112.45 442266.66
204055.18 442275.9
204042.69 442276.48
204032.91 442277.86
204016.74 442281.02
203972.7 442292.19
203930.82 442302.24
203908.22 442308.7
203769.7 442354.88
203762.8 442356.29
203755.38 442359.46
203743.12 442359.55
203507.55 442398.34
203497.54 442398.82
203491.14 442400.48
203482.02 442400.26
203414.69 442396.35
203366.94 442393.98
203328.32 442390.59
203324.96 442383.04
203326.34 442372.93
203324.5 442361.79
203320.66 442349.98
203319.22 442335.58
203314.11 442305.76
203310.42 442282.59
203305.74 442239.87
203302.08 442214.08
203268.86 441901.31
203322.26 441882.53
203371.46 441868.8
203393.06 441861.34
203402.46 441849.95
203403.22 441812.45
203402.72 441783.3
203402.54 441730.91
203403.3 441477.5
203402.18 441299.81
203403.14 441151.81
203403.9 441084.8
203403.17 441066.27
203402.93 441056.03
203403.02 441039.52
203399.3 440999.71
203399.25 440985.34
203398.13 440955.68
203398.0 440946.56
203396.82 440903.78
203399.3 440886.69
203399.25 440871.58
203400.43 440858.69
203401.44 440839.2
203400.85 440508.26
203401.97 440330.11
203401.33 439779.36
203402.24 439709.98
203402.5 439625.95
203402.32 439591.33
203407.06 439564.26
203413.66 439528.1
203414.96 439506.59
203416.42 439490.85
203420.46 439393.02
203424.67 439312.8
203425.62 439251.17
203430.17 439181.5
203435.03 439154.44
203433.7 439151.78
203442.03 439150.11
203456.67 439145.12
203485.97 439142.79
203498.96 439149.45
203527.26 439150.78
203527.26 439146.45
203613.82 439164.1
203633.13 439041.58
203652.94 438930.21
203653.81 438926.9
203776.04 438834.19
203799.28 438816.22
203811.86 438806.44
203850.34 438774.78
203897.64 438739.06
203996.61 438663.75
204043.31 438630.0
204073.95 438605.28
204167.11 438534.59
204175.89 438528.16
204237.3 438481.19
204255.63 438466.47
204325.64 438412.28
204386.02 438366.78
204424.87 438336.13
204503.44 438276.56
204530.43 438254.75
204547.69 438243.53
204563.24 438230.15
204608.13 438199.93
204622.38 438190.0
204632.74 438183.52
204646.13 438177.91
204646.99 438173.59
204650.01 438169.71
204664.69 438156.75
204747.79 438096.53
204785.35 438067.61
204889.18 437991.41
204892.2 437987.09
204893.31 437981.9
204891.64 437976.76
204880.16 437970.54
204896.54 437957.75
204893.19 437956.08
204902.4 437948.43
204905.99 437950.34
204910.65 437946.39
204913.88 437948.19
204920.57 437950.58
204928.7 437950.34
204938.51 437947.95
204945.02 437944.66
204948.05 437942.64
204999.92 437901.4
205056.47 437857.36
205097.05 437823.69
205159.0 437774.69
205200.45 437742.31
205257.43 437691.37
205317.23 437644.09
205334.93 437629.42
205403.57 437575.45
205500.28 437500.0
205515.92 437490.4
205603.32 437423.72
205619.03 437412.03
205629.44 437413.1
205638.35 437406.41
205665.84 437383.38
205695.92 437361.47
205786.18 437293.87
205840.97 437253.94
206028.72 437110.01
206024.69 437104.88
206056.3 437080.47
206091.29 437053.81
206171.1 437052.11
206164.64 437011.31
206164.98 436990.91
206166.68 436984.79
206199.65 436958.62
206198.63 436979.02
206213.93 436969.5
206213.59 436947.74
206230.25 436934.82
206234.33 436932.78
206236.03 436946.72
206253.03 436931.42
206326.63 436875.15
206379.33 436834.02
206491.35 436748.18
206604.73 436660.97
206623.42 436648.74
206690.23 436602.67
206699.75 436598.93
206740.88 436587.37
206799.19 436598.08
206828.43 436607.26
206839.3 436611.0
206853.24 436617.8
206863.78 436623.24
206872.62 436630.38
206880.44 436637.52
206889.62 436646.36
206897.95 436660.12
206905.77 436674.74
206909.17 436683.24
206911.21 436690.38
206934.67 436761.43
206952.51 436816.68
206984.3 436921.56
206993.14 436935.16
207000.62 436942.3
207032.14 436907.31
207035.3 436903.54
207054.68 436871.58
207040.4 436854.59
207036.66 436847.11
206990.25 436684.77
206970.02 436611.17
206969.34 436604.37
206969.68 436597.91
206990.59 436511.39
207015.58 436406.17
207039.04 436384.75
207069.12 436360.44
207142.22 436297.89
207155.48 436285.65
207161.6 436286.67
207168.73 436283.95
207238.06 436222.47
207242.18 436217.48
207245.37 436212.09
207247.51 436206.41
207251.69 436194.29
207250.61 436194.41
207256.93 436184.43
207306.98 436143.97
207320.6 436139.0
207665.42 435874.13
207764.74 436073.94
207788.31 436113.15
207802.41 436128.25
207813.79 436141.77
207846.83 436169.46
207855.91 436175.37
207880.79 436140.33
207942.55 436144.75
207935.15 436055.52
207926.73 435971.45
207927.76 435962.51
207930.51 435952.88
207939.62 435917.98
207943.06 435902.09
207944.48 435889.63
207949.19 435828.16
207950.61 435820.41
207958.58 435789.56
207970.83 435752.59
207990.42 435690.94
207993.53 435682.58
207996.54 435676.38
208001.05 435669.28
208013.5 435651.13
208033.5 435627.63
208049.22 435611.91
208057.8 435603.75
208064.6 435596.32
208083.15 435573.54
208097.17 435555.54
208112.27 435541.03
208120.65 435529.62
208134.44 435517.44
208138.33 435512.5
208141.38 435507.61
208146.55 435497.31
208150.84 435489.5
208162.34 435461.38
208170.14 435443.81
208174.86 435433.97
208179.8 435426.16
208195.19 435407.5
208213.83 435392.43
208220.02 435391.4
208231.71 435380.05
208241.0 435376.27
208251.31 435366.64
208268.5 435351.51
208282.18 435338.29
208301.17 435324.01
208313.37 435317.3
208320.94 435309.74
208327.13 435298.05
208328.85 435290.83
208349.13 435262.29
208353.6 435252.66
208387.99 435214.84
208447.99 435189.22
208463.12 435179.25
208500.25 435160.68
208514.69 435157.24
208524.8 435151.68
208547.18 435159.48
208551.75 435157.96
208557.16 435158.79
208623.86 435057.7
208651.88 435013.52
208731.42 435007.78
208730.57 435003.51
