8196109 44955647
8163172 44939895
8163125 44939848
8163118 44939781
8163155 44939725
8185990 44922598
8176034 44908376
8156005 44896930
8155959 44896870
8148798 44871094
8148803 44871026
8148850 44870977
8148918 44870970
8183176 44879534
8186028 44853871
8186046 44853824
8186084 44853792
8210429 44842336
8210477 44842326
8240455 44843754
8243302 44816715
8217616 44806726
8173245 44809589
8173190 44809576
8173151 44809536
8160263 44785191
8160251 44785138
8160269 44785087
8160310 44785053
8188951 44772165
8223275 44759293
8231838 44723617
8183214 44696445
8183171 44696397
8183166 44696332
8188895 44674851
8188931 44674798
8188992 44674777
8230454 44674777
8244719 44640541
8214734 44617696
8174689 44617696
8128881 44634874
8128816 44634876
8128764 44634837
8108715 44606197
8108704 44606178
8092952 44567513
8092948 44567450
8092983 44567397
8128784 44538756
8128846 44538734
8174671 44538734
8174714 44538744
8237680 44568796
8294748 44540261
8256265 44518881
8204730 44511724
8204691 44511710
8204661 44511680
8170352 44460218
8128908 44493087
8128878 44493104
8085917 44507424
8085856 44507425
8085806 44507391
8085785 44507334
8082921 44454348
8082935 44454292
8082977 44454253
8133098 44429909
8133111 44429904
8211858 44404132
8260415 44368428
8237628 44354186
8237593 44354148
8227569 44335531
8227558 44335473
8227582 44335418
8249007 44311136
8233306 44291153
8233285 44291085
8233314 44291020
8247609 44276725
8250460 44249639
8226202 44243931
8226150 44243900
8226126 44243845
8220397 44190859
8220409 44190799
8220455 44190757
8220516 44190750
8249111 44196470
8284760 44167950
8251952 44149406
8251943 44149401
8213278 44122193
8213239 44122136
8213246 44122068
8213295 44122020
8239030 44110581
8247594 44082037
8224716 44054869
8224700 44054844
8211812 44024771
8211807 44024708
8211841 44024654
8211901 44024632
8262022 44023200
8262068 44023210
8262105 44023240
8283542 44051822
8330729 44034662
8330782 44034658
8390926 44046114
8439557 44053266
8459570 44028964
8459637 44028928
8459711 44028951
8459747 44029018
8459724 44029092
8439675 44053437
8439634 44053466
8439583 44053472
8390894 44046312
8330771 44034859
8283540 44052035
8283477 44052037
8283426 44052001
8261976 44023401
8212054 44024828
8224878 44054752
8247781 44081950
8247803 44081994
8247801 44082043
8239209 44110683
8239188 44110720
8239154 44110745
8213538 44122131
8252055 44149234
8284987 44167849
8285030 44167897
8285035 44167960
8285000 44168014
8249199 44196655
8249161 44196674
8249117 44196675
8220610 44190973
8226317 44243753
8250592 44249465
8250651 44249504
8250668 44249572
8247804 44276781
8247776 44276842
8233518 44291099
8249216 44311078
8249237 44311143
8249212 44311206
8227778 44335498
8237756 44354030
8260646 44368336
8260686 44368386
8260689 44368449
8260652 44368502
8211963 44404303
8211935 44404317
8133180 44430092
8083124 44454404
8085978 44507193
8128798 44492920
8170313 44459994
8170363 44459973
8170417 44459981
8170458 44460017
8204802 44511532
8256311 44518686
8256346 44518698
8295011 44540179
8295056 44540233
8295055 44540303
8295007 44540355
8237726 44568996
8237682 44569007
8237638 44568997
8174648 44538934
8128881 44538934
8093166 44567506
8108885 44606092
8128883 44634659
8174636 44617502
8174671 44617496
8214768 44617496
8214829 44617516
8244902 44640428
8244938 44640482
8244933 44640546
8230613 44674915
8230576 44674960
8230521 44674977
8189069 44674977
8183380 44696309
8232002 44723480
8232045 44723527
8232050 44723590
8223457 44759391
8223435 44759434
8223395 44759462
8189030 44772349
8160489 44785191
8173297 44809385
8217626 44806525
8217668 44806532
8243445 44816556
8243494 44816597
8243508 44816659
8240644 44843868
8240610 44843934
8240540 44843958
8210492 44842527
8186220 44853949
8183362 44879670
8183341 44879722
8183295 44879754
8183239 44879756
8149036 44871206
8156140 44896777
8176153 44908213
8176185 44908243
8186209 44922563
8186226 44922636
8186187 44922700
8163407 44939786
8196195 44955467
8196246 44955524
8196242 44955600
8196185 44955651
8196109 44955647
