85236.04 446910.37
85236.72 446911.17
85237.17 446912.25
85238.3 446915.27
85239.39 446914.21
85240.57 446913.38
85242.95 446912.31
85245.24 446911.77
85246.85 446911.88
85247.39 446912.18
85247.74 446912.63
85248.11 446914.14
85248.34 446914.24
85248.66 446914.12
85250.34 446912.66
85251.13 446912.25
85253.02 446912.25
85253.73 446912.66
85255.12 446914.18
85255.66 446914.52
85256.08 446914.39
85256.39 446913.79
85257.35 446909.23
85257.77 446908.51
85258.3 446908.1
85259.81 446907.73
85260.78 446908.06
85262.51 446909.59
85263.2 446909.99
85264.26 446909.97
85265.33 446909.24
85266.43 446907.84
85268.73 446903.97
85269.81 446902.44
85271.03 446901.32
85272.26 446900.93
85273.49 446901.16
85276.41 446902.32
85277.54 446902.44
85278.42 446902.1
85279.21 446901.29
85281.91 446895.85
85282.71 446894.79
85283.57 446894.14
85284.84 446893.79
85288.11 446893.51
85289.23 446893.01
85289.64 446892.35
85289.78 446891.38
85289.14 446886.88
85289.23 446885.09
85289.56 446883.48
85289.99 446882.83
85291.5 446882.45
85291.91 446882.03
85292.05 446881.34
85291.26 446877.41
85291.27 446876.61
85291.5 446876.04
85292.28 446875.4
85294.8 446874.36
85295.65 446873.77
85296.05 446872.93
85296.0 446871.78
85295.51 446870.3
85293.29 446865.32
85293.08 446863.91
85293.38 446862.83
85294.23 446861.97
85296.78 446860.29
85297.53 446859.44
85298.04 446857.89
85298.14 446855.97
85297.83 446853.97
85297.16 446852.27
85296.14 446850.99
85294.14 446849.25
85291.77 446847.1
85291.03 446846.71
85290.36 446846.61
85289.7 446846.88
85288.23 446847.96
85287.72 446848.12
85287.37 446847.97
85287.07 446847.56
85286.14 446844.52
85285.46 446843.59
85284.32 446843.41
85281.64 446843.93
85280.56 446843.97
85279.6 446843.68
85277.22 446842.51
85276.58 446842.38
85276.03 446842.46
85274.14 446843.97
85273.8 446843.9
85273.45 446843.58
85272.16 446841.21
85271.5 446840.57
85270.91 446840.52
85270.2 446840.76
85267.39 446842.7
85266.22 446843.22
85265.13 446843.28
85263.84 446843.01
85259.59 446841.17
85258.22 446840.72
85257.02 446840.63
85256.03 446840.95
85255.28 446841.64
85253.78 446843.72
85253.02 446844.35
85251.82 446844.6
85248.68 446844.21
85247.36 446844.35
85246.04 446844.88
85245.09 446845.48
85244.57 446846.14
85243.72 446847.95
85243.21 446848.5
85242.35 446848.72
85240.11 446848.62
85239.44 446848.87
85239.02 446849.73
85238.68 446852.65
85237.22 446855.99
85236.47 446856.97
85235.66 446857.55
85234.63 446857.68
85231.78 446857.11
85230.76 446857.17
85230.18 446857.66
85229.91 446858.56
85230.34 446864.64
85230.14 446866.0
85229.63 446866.98
85228.5 446868.11
85227.55 446868.41
85224.8 446868.25
85223.97 446868.49
85223.7 446868.97
85223.69 446869.7
85224.61 446873.15
85224.72 446874.53
85223.71 446877.6
85223.59 446878.68
85223.93 446879.63
85225.25 446881.66
85225.48 446882.45
85225.32 446883.04
85224.82 446883.67
85221.63 446886.2
85221.29 446886.79
85221.33 446887.35
85221.86 446888.31
85222.46 446888.86
85224.03 446888.75
85224.35 446888.86
85224.46 446889.32
85224.35 446890.37
85224.11 446891.27
85223.57 446892.14
85222.64 446893.09
85219.32 446895.87
85218.61 446896.88
85218.31 446897.92
85218.31 446899.43
85218.82 446899.92
85221.07 446900.45
85221.7 446900.93
85221.7 446903.2
85222.38 446903.69
85224.7 446904.0
85225.48 446904.33
85225.82 446904.79
85226.03 446905.46
85226.15 446909.23
85226.31 446909.92
85226.61 446910.37
85227.18 446910.64
85227.99 446910.66
85232.05 446909.64
85233.78 446909.61
85235.25 446909.95
85236.04 446910.37
