89464.53 444616.84
88462.1 444129.94
88461.33 444129.29
88460.98 444128.34
88461.13 444127.35
88961.79 442968.68
86456.74 440592.46
86456.33 440591.9
85554.63 438774.2
82920.77 438502.22
82919.9 438501.91
81517.28 437600.23
81231.75 437685.89
81230.72 437685.92
81229.81 437685.43
81229.26 437684.54
81229.23 437683.51
81229.72 437682.6
81230.61 437682.05
81517.02 437596.13
81517.87 437596.07
81518.67 437596.37
82921.66 438498.29
85556.14 438770.33
85557.07 438770.68
85557.72 438771.43
86459.75 440589.8
88965.56 442966.74
88966.02 442967.4
88966.18 442968.19
88966.02 442968.98
88465.56 444127.18
89466.27 444613.24
89467.06 444613.92
89467.39 444614.9
89467.2 444615.91
89466.52 444616.7
89465.54 444617.03
89464.53 444616.84
