226491.7 533702.77
226500.65 533778.93
226509.26 533841.01
226519.53 533904.87
226536.26 533994.51
226550.04 534060.09
226566.02 534127.26
226584.06 534195.92
226603.51 534263.57
226626.27 534334.35
226649.39 534401.52
226674.34 534470.15
226701.36 534537.96
226729.51 534605.16
226758.68 534671.79
226865.54 534925.17
227005.58 535250.5
227027.94 535304.29
227042.96 535343.06
227049.01 535358.62
227054.42 535373.89
227070.16 535416.27
227090.43 535474.83
227106.34 535523.65
227122.4 535576.05
227128.15 535596.85
227133.62 535615.62
227139.19 535635.47
227147.29 535666.02
227158.24 535709.05
227166.56 535743.03
227178.84 535796.14
227189.92 535851.75
227196.48 535886.91
227204.09 535929.25
227212.3 535982.15
227207.53 535983.63
227243.66 536257.58
227249.1 536258.35
227250.38 536272.22
227253.43 536295.42
227259.36 536365.73
227264.26 536410.47
227270.44 536460.09
227277.61 536509.58
227287.57 536559.81
227293.61 536591.5
227280.52 536595.24
227284.09 536612.13
227293.84 536661.04
227304.99 536710.31
227314.38 536756.59
227314.8 536800.41
227311.49 536826.45
227321.6 536828.35
227317.49 536846.21
227301.14 536889.58
227280.07 536938.68
227277.47 536950.99
227276.48 536963.7
227277.2 536976.42
227279.6 536988.94
227283.64 537001.02
227317.24 537048.75
227354.08 537084.54
227361.16 537073.1
227366.03 537066.04
227370.84 537059.73
227376.22 537053.1
227380.23 537048.52
227383.8 537044.79
227370.29 537030.73
227375.0 537031.49
227378.12 537031.13
227392.77 537015.28
227405.41 537003.14
227415.62 536994.72
227433.91 537040.08
227440.55 537033.97
227439.62 537046.63
227440.43 537053.42
227478.26 537127.0
227527.72 537216.09
227533.92 537212.71
227589.99 537307.41
227592.06 537308.03
227636.68 537384.41
227665.94 537433.5
227761.12 537594.47
227810.12 537681.08
227828.22 537715.52
227840.11 537737.46
227938.99 537942.21
228026.01 538141.49
228043.28 538179.63
228088.34 538282.5
228103.32 538319.7
228168.44 538470.36
228269.58 538690.55
228429.41 539018.45
228464.33 539083.0
228521.08 539193.99
228539.85 539230.02
228546.56 539241.98
228555.54 539261.61
228580.99 539304.93
228625.39 539392.88
228639.04 539416.81
228374.14 539548.22
228135.09 539569.92
228063.37 539576.24
228006.27 539581.84
227971.66 539585.03
227953.45 539585.96
227939.1 539584.79
227926.6 539582.68
227908.08 539576.43
227850.35 539556.21
227830.32 539551.04
227815.27 539549.58
227804.41 539549.5
227794.49 539549.72
227775.13 539551.65
227601.61 539574.24
227468.96 539591.13
227466.51 539592.02
227485.96 539637.84
227477.89 539676.38
227449.87 539819.91
227439.44 539874.27
227400.17 540070.19
227385.5 540145.24
227374.49 540202.67
227362.75 540260.51
227353.84 540305.68
227357.92 540320.06
227362.74 540334.14
227414.52 540468.36
227402.71 540626.67
227399.33 540669.62
227398.1 540681.58
227401.38 540690.53
227441.04 540709.67
227482.11 540729.15
227423.61 540887.74
227406.14 540935.74
227315.38 541181.34
227311.23 541191.14
227261.27 541174.96
227229.88 541162.32
227194.75 541146.71
227151.31 541124.25
227130.09 541111.43
227079.65 541080.55
227044.37 541056.81
227016.14 541036.33
226988.22 541013.56
226949.49 540979.25
226916.13 540949.37
226907.64 540942.32
226895.8 540933.33
226869.21 540915.82
226839.55 540897.61
226808.79 540881.4
226789.97 540873.41
226768.55 540865.19
226759.01 540861.97
226741.26 540856.39
226696.51 540845.16
226680.23 540842.22
226658.36 540839.14
226640.75 540837.96
226612.92 540836.08
226519.98 540833.42
226362.31 540828.2
226282.46 540825.34
226230.81 540824.0
226170.72 540821.73
226118.25 540820.03
226081.0 540818.63
226051.25 540818.04
226031.84 540818.64
226001.8 540821.5
225960.4 540829.21
225932.57 540837.21
225894.65 540852.71
225853.2 540874.24
225818.46 540892.51
225771.49 540917.55
225750.08 540926.57
225717.81 540937.26
225686.41 540944.86
225653.14 540949.7
225633.27 540951.49
225617.72 540952.37
225599.65 540952.51
225562.3 540949.92
225535.2 540946.26
225512.05 540941.22
225482.46 540932.15
225453.24 540921.95
225424.57 540910.05
225387.74 540894.37
225359.07 540882.48
225327.68 540869.96
225306.45 540863.4
225299.03 540886.41
225280.76 540940.59
225265.43 540988.03
225260.98 541001.31
225254.15 541025.39
225254.14 541105.63
225253.81 541132.89
225251.16 541182.78
225250.24 541192.38
225249.56 541196.25
225249.33 541200.03
225249.62 541204.94
225250.07 541207.67
225253.33 541222.29
225253.65 541265.03
225235.04 541287.9
225221.78 541301.91
225215.51 541311.07
225211.72 541317.27
225208.84 541328.42
225199.22 541386.05
225210.31 541384.99
225211.73 541385.25
225203.05 541434.43
225188.17 541513.77
225183.74 541535.51
225184.88 541537.83
225187.44 541540.76
225189.04 541541.71
225193.08 541542.78
225199.04 541542.46
225204.26 541541.94
225205.75 541541.5
225209.58 541541.08
225213.73 541541.18
225215.57 541541.6
225230.31 541543.33
225261.45 541547.63
225307.33 541553.53
225330.5 541557.03
225332.75 541557.18
225334.24 541557.72
225335.84 541558.52
225338.13 541560.81
225338.31 541561.29
225344.36 541568.31
225346.48 541570.55
225348.61 541572.31
225354.18 541576.01
225359.87 541578.35
225365.57 541579.84
225371.95 541581.12
225377.54 541582.02
225455.9 541592.46
225495.25 541597.33
225519.49 541601.08
225528.64 541602.02
225478.39 541849.56
225465.75 541913.96
225451.92 541982.2
225447.81 542001.99
225436.66 542053.49
225402.27 542230.13
225387.56 542300.6
225375.03 542362.24
225364.55 542412.05
225349.36 542486.41
225318.86 542631.26
225305.57 542697.12
225293.91 542753.85
225287.64 542785.51
225363.02 542798.82
225334.95 542925.38
225320.91 542985.11
225307.5 543043.86
225312.71 543040.44
225289.05 543144.33
225264.54 543253.02
225232.68 543250.55
225193.59 543246.54
225162.75 543390.91
225139.72 543376.72
225056.05 543324.49
225031.28 543352.98
224983.53 543407.26
224967.88 543425.53
224932.43 543468.36
224906.99 543497.85
224845.86 543567.48
224770.55 543653.98
224734.63 543695.52
224711.96 543722.79
224647.31 543797.39
224560.44 543896.88
224543.04 543916.32
224543.81 543924.7
224544.28 543928.19
224545.09 543931.28
224546.72 543934.62
224548.27 543936.98
224550.03 543939.01
224554.29 543943.94
224581.29 543971.97
224595.91 543997.59
224608.71 544029.3
224632.17 544054.53
224643.99 544078.3
224646.93 544118.52
224648.75 544140.16
224651.08 544153.56
224655.17 544161.3
224677.74 544185.17
224538.51 544284.33
224498.41 544312.46
224512.17 544321.42
224527.3 544332.45
224536.69 544340.08
224533.62 544353.11
224521.7 544406.42
223060.3 544839.85
222849.29 544900.26
222712.13 544939.05
222585.29 544974.62
222523.34 544992.4
222162.49 545103.62
222142.45 545110.28
222138.65 545111.01
221968.78 545163.44
221939.36 545172.38
221926.82 545176.71
221917.66 545179.38
221827.84 545032.81
221810.38 545004.59
221749.54 544908.97
221736.88 544893.4
221713.44 544872.89
221626.12 544809.9
221618.4 544803.39
221606.48 544790.05
221596.57 544772.37
221539.68 544648.57
221525.43 544617.0
221497.15 544545.15
221489.01 544526.92
221478.14 544505.46
221454.46 544464.24
221432.45 544425.01
221414.44 544398.37
221396.63 544375.8
221361.3 544333.41
221323.7 544291.67
221306.99 544270.44
221301.93 544261.53
221298.37 544254.72
221296.24 544242.6
221303.71 544216.84
221318.79 544106.35
221324.52 544065.63
221328.7 544033.81
221330.56 544013.07
221334.28 543965.16
221343.68 543870.68
221345.58 543838.41
221346.65 543804.3
221345.96 543746.97
221345.65 543690.48
221345.74 543665.93
221343.78 543648.11
221310.67 543659.6
221086.49 543734.81
221030.52 543925.23
220925.65 544283.07
221344.69 545201.0
221364.32 545247.32
220897.78 545478.85
220827.16 545514.05
220819.07 545517.92
220435.34 545708.35
220897.57 546645.39
220937.7 546701.78
220960.62 546710.88
221024.96 546678.54
221058.17 546735.54
221095.48 546717.23
221158.29 546686.08
221211.91 546775.06
221229.86 546766.14
221424.06 546991.91
221456.45 546975.79
221494.78 547054.15
221499.26 547051.94
221549.36 547139.04
221560.73 547128.63
221639.08 547089.68
221649.87 547098.06
221685.85 547151.67
221720.96 547204.9
221744.1 547240.41
221749.64 547249.58
221634.65 547305.86
221705.31 547432.68
221722.41 547461.55
221749.08 547508.61
221812.18 547620.85
221831.3 547653.95
221848.34 547684.46
221863.92 547711.14
221871.94 547722.51
221873.56 547724.25
221875.53 547725.47
221877.63 547726.08
221880.94 547724.72
221956.88 547675.71
222015.03 547639.61
222016.41 547641.96
222157.74 547862.68
222061.51 547925.22
222066.69 547931.56
222079.64 547951.17
222145.34 548059.92
222151.57 548069.9
221129.58 548709.29
221032.86 548770.92
220461.97 548338.56
220000.0 547985.34
219330.3 547484.1
218720.86 547020.99
218652.62 547004.8
218511.36 547138.43
217728.61 547912.96
217267.07 548371.33
216951.23 548671.23
216561.44 549057.86
216224.34 549086.46
215922.14 549112.83
215245.73 549163.26
215235.25 549155.97
214760.06 549195.33
214697.54 549208.0
214281.39 549241.34
214220.75 549247.04
213463.39 549306.11
212864.74 548867.78
212837.12 548817.22
212755.22 548667.14
212704.11 548545.22
212683.81 548395.07
212383.2 548146.24
211885.17 547732.35
211837.23 547696.45
210433.26 545555.78
210172.03 545164.99
210135.22 545135.49
209998.62 545046.4
209864.46 544956.93
209858.7 544954.05
209848.96 544958.08
209528.59 544738.11
209514.56 544721.86
209199.22 544516.29
209188.21 544511.94
209085.97 544444.93
208944.06 544353.47
208820.05 544272.64
208672.9 544178.18
208553.26 544099.58
208398.34 544001.15
208346.66 543966.14
208191.73 543864.96
208119.66 543819.26
208014.16 543749.44
208007.06 543748.42
207929.52 543696.38
207692.69 543546.11
207406.82 543358.4
207155.17 543175.17
206928.05 543001.47
206777.3 542885.06
206600.27 542745.73
206521.92 542681.73
206179.63 542418.11
205960.58 542248.19
205887.74 542192.83
205742.37 542083.58
205501.6 541900.99
205393.06 541819.01
205345.38 541779.58
205247.07 541703.36
205065.57 541564.93
205057.22 541558.91
205042.93 541549.31
204853.86 541407.55
204736.62 541314.43
204621.14 541228.1
204520.37 541154.18
204416.0 541082.11
204347.54 541037.5
204593.73 540742.27
204962.62 540314.94
205079.46 539884.16
205154.06 539798.78
205229.94 539709.57
205268.98 539667.01
205347.41 539578.75
205365.49 539562.24
205386.45 539536.51
205401.06 539514.62
205431.84 539466.69
205477.57 539398.4
205517.57 539335.23
205519.46 539322.24
205795.66 539023.17
205797.25 539026.05
206018.53 538791.1
206091.54 538714.3
206151.54 538648.26
206208.05 538587.65
206260.43 538532.99
206298.53 538494.27
206335.02 538455.87
206375.02 538408.26
206395.66 538385.09
206446.46 538332.35
206484.88 538292.03
206544.56 538227.65
206526.14 538221.25
206502.66 538215.55
206481.07 538209.54
206441.38 538200.0
206391.22 538188.54
206355.98 538179.33
206605.82 538019.07
206752.18 537927.94
206930.93 537809.86
206939.81 537802.88
206950.61 537791.1
207215.25 537484.48
207872.99 536729.92
207925.52 536783.9
207948.75 536769.82
208208.77 536616.48
208231.94 536601.86
208245.58 536593.92
208255.42 536587.26
208260.83 536581.54
208267.82 536572.99
208281.15 536554.56
208312.26 536505.06
208338.3 536467.58
208358.93 536436.13
208395.76 536385.98
208436.08 536335.2
208586.64 536139.62
208608.77 536110.59
208627.86 536084.67
208653.3 536050.82
208680.0 536016.48
208739.01 535935.84
208768.26 535899.46
208794.46 535864.38
208815.33 535835.87
208835.17 535811.2
208854.24 535786.02
208868.22 535765.92
208883.74 535744.54
208899.26 535724.7
208912.5 535707.42
208922.93 535692.42
208944.29 535665.7
208959.81 535645.09
208970.5 535629.57
208990.34 535604.64
209009.41 535577.7
209026.46 535557.09
209042.22 535535.2
209073.01 535497.31
209089.02 535477.98
209108.37 535450.24
209127.46 535426.34
209145.01 535402.18
209162.05 535379.26
209176.29 535359.42
209203.76 535325.6
209222.58 535299.65
209238.61 535276.26
209258.7 535252.1
209278.8 535224.86
209304.75 535190.53
209327.14 535164.32
209347.49 535135.84
209372.93 535103.01
209423.3 535034.34
209446.94 535007.36
209463.49 534984.99
209484.08 534957.76
209507.23 534928.51
209530.64 534899.52
209554.8 534863.39
209576.69 534834.91
209636.7 534753.76
209664.18 534717.38
209698.02 534674.88
209732.86 534627.58
209808.93 534531.68
209845.81 534482.34
209887.54 534427.39
209939.34 534353.79
209410.98 533560.86
209395.46 533539.01
208953.55 533023.87
208674.37 532700.19
208571.65 532578.14
208515.97 532515.07
208327.57 532339.14
208031.33 532065.92
208020.0 532039.53
208065.7 532014.45
208097.34 531965.32
208127.06 531928.96
208125.89 531926.65
208124.31 531926.31
208151.97 531821.84
208176.85 531765.59
208198.8 531717.1
208234.34 531643.01
208293.64 531513.57
208294.4 531513.75
208299.11 531502.79
208343.99 531513.18
208426.53 531301.84
208511.4 531086.12
208681.21 530649.68
208771.67 530421.22
208789.16 530376.15
208934.52 529999.94
209213.78 529275.97
209371.23 528870.24
209449.47 528665.84
209464.33 528618.39
209525.3 528461.55
209787.09 527794.46
209791.73 527782.1
209803.1 527750.57
209812.15 527727.24
209823.48 527701.92
209832.05 527680.47
209853.96 527620.95
209904.32 527492.66
210006.73 527235.01
210012.5 527222.0
210016.2 527214.89
210025.31 527199.05
210029.55 527192.33
210089.08 527311.25
210096.81 527312.63
210096.81 527318.13
210092.51 527318.13
210153.2 527434.13
210256.0 527631.94
210346.09 527803.69
210408.19 527921.63
210447.88 527998.38
210566.02 528224.13
210629.8 528347.38
210726.17 528532.0
210808.48 528691.19
210880.91 528829.69
210940.91 528947.5
211030.06 529117.5
211134.19 529318.58
211253.7 529259.44
211276.69 529276.94
211284.02 529250.75
211286.02 529245.19
211288.84 529240.0
211292.38 529235.25
211296.58 529231.0
211308.66 529215.0
211385.48 529148.44
211620.66 528942.69
211627.98 528935.75
212005.47 528605.06
212002.58 528604.0
212012.61 528595.2
212146.82 528667.24
212183.17 528686.96
212198.24 528696.07
212214.32 528706.35
212230.15 528717.09
212246.34 528728.77
212261.43 528740.69
212276.8 528753.93
212292.91 528768.54
212308.86 528783.82
212324.26 528799.74
212337.01 528813.97
212348.1 528827.28
212360.84 528843.51
212373.7 528861.38
212385.98 528879.52
212397.7 528898.46
212402.66 528906.87
212424.37 528946.56
212464.39 529041.11
212545.81 529253.73
212579.69 529347.58
212647.65 529524.15
212651.08 529532.23
212660.9 529554.03
212672.03 529576.24
212683.99 529598.47
212696.46 529619.45
212709.34 529639.35
212723.6 529659.47
212739.43 529680.06
212755.83 529700.24
212772.21 529718.68
212789.07 529736.1
212808.44 529754.57
212827.96 529772.07
212848.36 529788.61
212867.19 529802.97
212888.16 529817.87
212911.83 529834.03
212911.39 529834.65
212930.59 529848.06
212948.77 529861.5
212966.45 529875.88
212980.13 529887.44
212997.3 529902.81
213020.94 529927.06
213044.81 529953.81
213074.8 529990.69
213099.95 530028.06
213111.13 530046.38
213130.16 530082.69
213164.69 530149.5
213174.77 530169.25
213183.48 530187.13
213212.44 530240.69
213227.55 530266.25
213241.72 530288.19
213273.09 530333.44
213288.22 530353.75
213302.55 530372.13
213319.06 530392.44
213335.53 530411.44
213353.02 530430.56
213380.84 530458.94
213419.63 530432.06
213436.33 530420.81
213447.53 530413.73
213454.66 530409.69
213462.47 530405.65
213473.23 530400.94
213484.4 530396.36
213505.8 530390.57
213515.9 530388.69
213525.45 530387.34
213531.44 530386.75
213552.94 530386.38
213565.08 530386.69
213599.67 530391.06
213718.98 530408.06
213862.52 530429.06
213878.81 530430.75
213882.51 530430.83
213891.4 530430.56
213898.53 530429.75
213904.45 530428.54
213911.32 530426.39
213916.16 530425.18
213919.88 530424.0
213925.99 530421.67
213946.58 530411.17
213952.5 530408.61
213958.76 530406.06
213977.33 530399.59
213987.16 530397.3
213999.94 530395.02
214009.64 530393.67
214018.85 530393.13
214030.97 530393.13
214044.02 530393.67
214054.79 530394.88
214066.77 530397.04
214086.22 530402.29
214091.47 530404.04
214096.16 530405.81
214131.36 530421.0
214209.73 530443.88
214305.3 530471.45
214315.98 530473.33
214328.51 530475.84
214335.37 530476.68
214353.98 530476.64
214382.22 530474.97
214431.87 530472.82
214450.0 530473.42
214475.11 530477.17
214484.8 530479.54
214494.84 530483.11
214514.55 530490.96
214527.97 530496.97
214576.65 530527.72
214611.86 530551.1
214635.08 530565.87
214657.19 530578.75
214678.71 530590.56
214694.14 530597.89
214720.98 530612.76
214729.84 530618.69
214739.8 530625.98
214779.65 530660.03
214800.28 530678.66
214813.4 530689.67
214829.01 530703.65
214845.22 530716.44
214862.96 530729.58
214894.66 530744.47
214909.89 530750.07
214930.85 530757.24
214938.56 530760.41
214944.88 530763.32
214955.65 530769.69
214968.42 530774.45
214971.33 530774.82
214973.69 530775.35
214980.12 530775.89
214983.93 530776.56
214998.69 530781.7
215012.54 530787.21
215027.06 530794.2
215048.33 530805.42
215062.64 530813.65
215092.71 530831.46
215129.95 530852.98
215167.9 530875.19
215198.13 530891.69
215213.07 530901.3
215227.43 530911.8
215254.19 530937.05
215263.27 530946.82
215270.13 530953.56
215275.21 530957.01
215282.23 530961.36
215287.74 530964.7
215294.66 530968.49
215307.64 530973.67
215340.37 530987.59
215351.7 530991.88
215395.17 531009.25
215456.59 531033.5
215539.8 531067.56
215548.81 531071.38
215582.13 531086.5
215594.16 531092.13
215626.2 531107.5
215640.84 531114.75
215650.66 531120.0
215682.06 531136.25
215689.11 531139.5
215705.61 531146.81
215727.59 531154.69
215764.98 531165.5
215800.98 531175.69
216095.53 531260.69
216098.41 531261.5
216108.41 531263.38
216110.66 531264.88
216269.83 531311.13
216381.33 531343.31
216437.52 531361.75
216476.88 531375.5
216493.05 531381.38
216504.71 531387.38
216518.17 531396.0
216528.4 531406.77
216536.48 531420.77
216540.25 531432.62
216542.94 531447.16
216542.4 531464.4
216539.71 531474.63
216533.79 531489.17
216506.87 531561.34
216504.71 531572.11
216505.25 531585.58
216508.48 531598.5
216512.25 531606.04
216514.52 531610.19
216520.58 531618.25
216526.94 531624.81
216534.36 531629.94
216550.92 531639.63
216504.98 531723.19
216474.44 531788.0
216473.59 531790.25
216470.56 531796.94
216469.59 531799.75
216381.22 532020.81
216376.91 532031.94
216267.75 532341.94
216260.28 532364.31
216238.48 532434.63
216231.69 532497.31
216226.2 532545.88
216224.05 532556.19
216218.56 532569.98
216216.82 532573.81
216214.19 532578.35
216210.02 532584.13
216205.7 532588.63
216184.16 532602.83
216168.88 532613.25
216166.32 532617.14
216164.33 532621.94
216140.09 532694.98
216135.72 532707.13
216128.34 532718.81
216121.63 532729.5
216120.56 532732.56
216121.02 532736.19
216122.27 532739.56
216125.31 532749.06
216129.39 532765.13
216131.66 532777.0
216132.22 532787.31
216131.75 532795.25
216145.11 532796.02
216182.18 532838.85
216213.16 532875.9
216228.24 532893.69
216234.01 532902.83
216238.93 532911.34
216243.95 532917.54
216247.05 532920.15
216257.9 532926.18
216260.23 532929.35
216261.67 532932.95
216262.4 532936.66
216265.89 532946.76
216271.08 532964.78
216276.65 532979.23
216282.43 532988.34
216287.74 532993.64
216290.92 532995.0
216295.49 532996.4
216306.05 532994.92
216310.7 532995.07
216314.79 532995.79
216328.49 532998.72
216355.54 533003.34
216358.08 533004.55
216365.11 533008.35
216368.61 533008.82
216382.87 533009.49
216385.77 533010.88
216386.25 533011.29
216387.89 533013.63
216391.29 533017.89
216398.63 533026.75
216410.29 533041.26
216413.59 533045.58
216416.6 533047.56
216423.31 533052.82
216424.59 533055.45
216425.49 533059.75
216426.18 533070.96
216427.32 533079.44
216426.86 533081.05
216422.37 533089.11
216422.02 533092.81
216422.9 533095.3
216428.76 533100.01
216438.48 533107.28
216457.11 533111.06
216464.49 533114.38
216468.87 533118.38
216474.1 533127.39
216473.26 533132.49
216468.57 533141.83
216462.45 533148.89
216452.49 533156.36
216439.43 533165.53
216424.83 533174.37
216419.42 533180.26
216416.21 533186.21
216415.46 533192.6
216413.81 533198.84
216413.25 533202.73
216414.27 533206.16
216417.83 533215.19
216422.76 533223.47
216428.91 533231.24
216431.75 533233.25
216459.9 533243.48
216468.13 533247.33
216475.15 533250.83
216479.61 533255.74
216482.5 533259.68
216486.16 533270.34
216487.25 533277.54
216487.6 533281.36
216488.4 533286.77
216491.83 533295.09
216491.29 533297.02
216491.76 533304.92
216494.33 533317.77
216495.78 533328.88
216498.29 533339.21
216500.18 533342.92
216504.53 533350.61
216510.28 533358.68
216516.62 533368.52
216524.45 533377.43
216528.95 533381.65
216533.79 533384.58
216542.8 533389.31
216551.41 533394.83
216560.02 533400.69
216553.15 533410.25
216531.77 533442.59
216555.97 533462.19
216581.13 533483.5
216588.0 533489.6
216590.64 533492.43
216592.23 533495.38
216593.4 533501.51
216593.43 533513.75
216594.19 533519.53
216600.13 533531.81
216601.25 533534.9
216600.81 533537.74
216601.57 533543.97
216608.47 533554.03
216617.06 533564.42
216618.61 533570.69
216617.44 533576.21
216614.53 533585.98
216610.28 533596.58
216606.51 533601.41
216595.54 533605.08
216585.5 533607.43
216579.77 533610.43
216572.61 533611.56
216565.8 533613.73
216560.0 533618.46
216556.03 533624.23
216551.76 533629.28
216546.67 533638.54
216541.77 533649.03
216541.71 533652.91
216542.9 533658.55
216544.62 533674.97
216543.61 533681.1
216543.48 533695.63
216544.63 533702.37
216547.52 533709.5
216550.87 533714.6
216556.5 533721.1
216561.06 533725.58
216573.05 533736.52
216576.32 533737.53
216579.29 533735.17
216583.83 533730.07
216587.02 533728.04
216593.41 533724.65
216603.22 533721.51
216611.92 533720.96
216618.81 533721.62
216625.43 533724.47
216628.38 533728.17
216629.08 533731.35
216628.76 533735.03
216626.93 533738.45
216620.5 533744.96
216617.43 533748.35
216614.79 533752.8
216611.42 533760.25
216607.76 533765.89
216607.96 533766.66
216609.91 533769.97
216614.37 533775.49
216630.76 533794.59
216635.46 533799.72
216645.03 533811.23
216647.16 533813.13
216649.34 533814.32
216672.84 533819.61
216675.35 533820.77
216693.4 533837.99
216711.02 533852.85
216719.63 533858.61
216720.79 533860.12
216726.97 533872.44
216730.38 533881.26
216740.49 533901.9
216744.97 533916.83
216749.69 533934.45
216750.47 533940.0
216752.3 533964.38
216751.28 533974.06
216746.97 533986.44
216742.58 533994.19
216736.11 534000.31
216712.73 534014.63
216702.05 534020.63
216690.89 534029.31
216683.5 534037.44
216677.3 534046.19
216671.95 534055.19
216667.06 534064.38
216652.72 534096.38
216640.95 534133.01
216673.79 534135.87
216693.03 534139.28
216722.25 534147.22
216741.31 534154.71
216760.92 534163.67
216771.6 534167.31
216785.4 534170.93
216807.2 534176.13
216835.77 534179.09
216860.39 534180.79
216891.97 534183.46
216905.19 534185.22
216913.41 534188.82
216921.49 534194.63
216928.49 534199.94
216935.43 534208.37
217009.68 534393.72
217031.09 534449.86
217036.22 534461.48
217046.26 534474.93
217063.25 534500.54
217077.84 534519.53
217091.75 534536.53
217106.32 534552.64
217117.51 534563.77
217136.33 534580.72
217156.86 534597.14
217175.66 534610.11
217195.33 534622.0
217202.03 534625.45
217226.74 534637.14
217257.43 534645.95
217273.52 534648.44
217291.35 534648.85
217300.73 534648.85
217325.74 534651.24
217356.74 534652.16
217367.89 534653.38
217380.19 534653.36
217387.17 534653.84
217406.0 534653.98
217432.22 534653.06
217458.22 534654.25
217485.44 534656.31
217499.14 534657.19
217557.31 534660.56
217573.59 534661.06
217584.91 534660.56
217596.0 534659.12
217607.59 534656.38
217623.61 534650.75
217659.59 534636.94
217668.47 534634.0
217683.25 534629.75
217699.03 534626.31
217717.27 534625.12
217736.0 534625.56
217756.7 534627.56
217858.0 534635.69
217941.06 534640.88
217973.11 534642.38
217997.75 534642.81
218015.75 534646.31
218036.7 534651.94
218082.3 534667.0
218129.12 534681.81
218206.27 534704.94
218246.45 534716.56
218265.86 534722.94
218318.55 534740.69
218387.57 534763.56
218386.21 534766.79
218423.75 534779.93
218472.26 534796.32
218548.3 534821.06
218586.44 534833.3
218692.09 534864.17
218766.13 534887.11
218805.46 534900.38
218823.22 534907.19
218857.16 534921.18
218865.72 534925.44
218886.49 534935.36
218885.73 534937.88
218910.04 534945.35
219004.61 534977.79
219213.36 535046.32
219223.14 535048.4
219272.71 535057.97
219282.92 535058.8
219293.2 535059.2
219676.82 535060.54
220180.68 535064.38
220249.64 534651.19
220163.77 534610.17
220153.06 534602.31
220135.92 534591.62
220111.24 534578.39
220107.85 534575.44
219976.34 534276.1
219472.69 534028.12
219480.19 534009.74
219493.38 534004.7
219515.01 533992.69
219524.77 533982.15
219541.63 533962.83
219550.57 533954.08
219559.75 533946.86
219603.5 533922.1
219657.13 533892.78
219666.58 533888.85
219686.18 533884.92
219726.15 533879.55
219754.41 533873.57
219793.16 533862.65
219822.26 533857.1
219843.42 533857.39
219866.39 533859.68
219886.6 533864.03
219903.1 533869.4
219918.14 533875.54
219930.42 533881.37
219959.46 533899.56
219972.72 533910.18
219980.73 533912.19
219987.81 533911.62
219994.79 533908.55
220000.91 533903.62
220006.5 533896.88
220014.04 533888.68
220012.16 533883.94
220016.25 533837.29
220020.3 533808.07
220053.25 533837.53
220060.91 533841.53
220069.46 533842.82
220078.07 533841.28
220085.35 533836.52
220090.97 533830.29
220095.49 533823.44
220103.69 533808.93
220163.99 533691.32
220140.71 533680.28
220179.83 533560.96
220133.9 533536.57
220136.94 533532.5
220122.34 533524.33
220095.34 533510.4
220068.99 533496.28
220062.45 533492.38
220055.36 533487.38
220033.01 533468.18
219983.0 533413.97
219941.64 533357.06
219921.88 533334.34
219963.34 533270.47
220041.34 533321.01
220112.73 533223.64
220190.32 533228.37
220210.4 533236.25
220230.9 533212.37
220210.53 533191.44
220333.94 532907.03
220366.13 532999.04
220372.95 533006.77
220401.29 533026.65
220409.18 533030.29
220416.45 533035.04
220428.08 533045.75
220457.32 533075.07
220468.95 533084.97
220467.94 533086.68
220473.81 533088.57
220504.92 533110.46
220533.23 533131.28
220541.81 533138.77
220549.44 533147.15
220556.25 533157.06
220558.23 533160.49
220561.08 533172.08
220561.35 533182.88
220559.63 533229.63
220559.85 533241.4
220561.61 533250.81
220565.18 533259.94
220569.81 533268.51
220574.86 533275.78
220581.06 533281.16
220589.09 533285.7
220600.96 533291.65
220613.04 533297.04
220682.11 533322.37
220692.76 533325.54
220705.56 533326.04
220718.47 533323.53
220729.88 533319.35
220741.29 533312.73
220751.26 533305.34
220781.8 533279.28
220789.35 533271.59
220795.81 533263.38
220804.22 533250.65
220813.09 533236.47
220812.02 533235.78
220820.35 533222.79
220827.93 533214.31
220834.38 533206.56
220841.51 533199.54
220849.24 533193.18
220858.6 533187.09
220865.69 533183.28
220890.48 533173.51
220918.3 533165.37
220945.02 533159.13
220956.92 533156.01
220974.85 533152.26
220994.33 533146.22
221008.5 533140.82
221035.41 533129.11
221073.24 533112.43
221104.49 533097.91
221109.41 533091.65
221178.25 533122.92
221301.53 533003.55
221356.07 533060.29
221370.1 533057.72
221370.37 533053.69
221372.59 533049.76
221377.59 533044.72
221451.07 532976.22
221617.02 533148.76
221524.81 533235.51
221552.73 533264.51
221617.49 533331.05
221649.78 533365.32
221741.26 533459.77
221798.02 533519.16
221837.74 533560.4
222446.73 532984.8
222427.01 532972.52
222460.08 532928.44
222468.21 532917.02
222477.14 532903.62
222480.19 532897.29
222484.81 532882.43
222526.79 532917.91
222552.43 532885.75
222563.41 532877.46
222581.64 532891.43
222600.33 532898.62
222639.05 532896.62
222650.73 532876.71
222764.71 532946.66
222874.63 532776.72
222921.11 532724.88
222937.6 532712.55
222938.18 532713.03
222945.1 532722.09
223031.58 532788.4
223076.02 532821.07
223146.06 532874.42
223184.37 532914.61
223214.15 532942.84
223268.21 532995.98
223315.36 533041.5
223348.22 533072.87
223378.48 533103.98
223377.8 533106.3
223447.59 533198.87
223464.47 533221.78
223495.61 533263.41
223506.39 533276.99
223512.58 533284.24
223540.25 533314.14
223580.18 533359.29
223598.85 533380.75
223638.93 533424.98
223672.68 533463.03
223683.89 533474.64
223726.2 533522.43
223771.08 533571.2
223813.51 533619.63
223815.65 533621.89
223819.83 533624.59
224007.67 533712.43
224014.26 533715.73
224016.44 533717.84
224017.15 533720.21
224017.29 533726.72
224011.62 533752.02
224010.82 533757.01
224010.92 533761.65
224014.21 533793.02
224015.85 533798.6
224018.95 533802.93
224028.6 533812.48
224033.73 533816.57
224034.89 533817.79
224037.4 533822.57
224039.18 533824.99
224042.19 533827.06
224047.8 533830.46
224065.07 533839.89
224067.93 533842.04
224070.06 533843.31
224077.25 533845.42
224120.91 533857.32
224123.17 533858.77
224126.5 533862.01
224135.47 533872.3
224189.14 533934.87
224192.65 533938.18
224196.08 533939.94
224199.31 533940.13
224203.22 533939.63
224206.79 533938.08
224229.93 533924.19
224298.59 533883.62
224301.46 533881.13
224305.16 533877.2
224331.85 533845.55
224419.41 533740.87
224426.99 533733.12
224430.42 533728.39
224430.95 533725.1
224431.48 533714.58
224431.81 533694.36
224432.6 533670.96
224436.42 533592.49
224440.04 533512.18
224445.61 533422.78
224456.5 533210.36
224472.01 533217.46
224479.9 533217.49
224540.02 533214.03
224580.93 533210.56
224597.35 533208.42
224604.51 533206.53
224612.07 533203.43
224628.51 533189.96
224634.96 533186.94
224647.8 533185.63
224662.77 533177.51
224678.53 533168.59
224686.82 533165.73
224704.12 533166.03
224714.04 533162.01
224721.23 533155.39
224712.85 533121.5
224722.83 533125.02
224732.41 533128.16
224753.06 533134.07
224762.29 533136.5
224770.65 533138.43
224783.01 533140.81
224791.37 533142.68
224793.68 533143.01
224799.59 533161.42
224802.74 533173.3
224812.63 533198.92
224816.35 533209.24
224819.31 533220.1
224824.84 533238.69
224830.52 533251.9
224834.04 533258.9
224844.77 533278.44
224854.17 533295.98
224856.59 533300.29
224894.25 533326.48
224934.33 533342.35
224982.18 533349.17
224995.62 533347.83
224994.84 533345.46
225017.15 533331.11
225042.45 533323.7
225045.5 533334.1
225075.88 533329.05
225088.86 533324.2
225113.89 533319.29
225173.11 533308.9
225189.09 533306.79
225222.26 533441.77
225335.01 533467.55
225344.12 533510.01
225350.43 533505.95
225366.76 533506.15
225382.33 533504.2
225433.06 533520.73
225457.52 533529.97
225467.4 533533.94
225483.75 533541.75
225487.15 533540.62
225489.96 533538.57
225488.53 533544.92
225488.92 533547.25
225490.41 533563.27
225508.32 533662.66
225522.45 533753.1
225425.55 533788.24
225423.65 533789.11
225403.67 533794.97
225393.07 533798.65
225376.3 533807.12
225348.99 533828.15
225349.63 533860.08
225348.08 533922.21
225305.86 533946.81
225304.57 533950.66
225304.58 533956.85
225305.09 533960.75
225316.95 533999.05
225331.06 534014.67
225345.58 534029.59
225380.84 534081.22
225391.11 534097.15
225404.23 534108.6
225423.3 534123.36
225435.55 534132.08
225441.44 534137.6
225457.5 534154.43
225467.12 534164.81
225494.26 534188.05
225518.2 534206.76
225548.17 534228.74
225554.48 534232.05
225560.04 534233.55
225566.59 534234.23
225573.81 534234.13
225596.67 534233.0
225613.63 534275.21
225653.07 534284.0
225656.9 534285.54
225679.87 534299.02
225702.58 534308.33
225710.41 534310.89
225718.21 534312.62
225727.22 534313.02
225738.3 534313.1
225787.27 534311.83
225790.23 534313.0
225791.85 534315.88
225800.07 534338.25
225803.14 534345.2
225811.41 534372.53
225834.84 534350.58
225904.18 534282.4
225955.23 534231.86
226052.62 534136.47
226491.7 533702.77
