0.0 0.0
84370.41 445948.25
84300.14 445763.8
84352.84 445544.21
84392.37 445399.28
84366.02 445293.87
84396.76 445241.17
84418.72 445236.78
84462.64 445175.29
84497.77 445210.43
84484.6 445245.56
84449.46 445258.74
84427.5 445315.83
84488.99 445315.83
84488.99 445346.57
84475.81 445386.1
84524.12 445390.49
84568.04 445451.98
84484.6 445451.98
84445.07 445465.15
84510.95 445517.86
84559.26 445504.68
84633.92 445504.68
84633.92 445557.38
84590.0 445566.17
84524.12 445544.21
84541.69 445592.52
84581.22 445636.44
84607.57 445636.44
84607.57 445675.96
84585.61 445697.92
84541.69 445654.0
84467.03 445662.79
84484.6 445632.04
84480.2 445548.6
84445.07 445566.17
84440.68 445632.04
84449.46 445684.75
84502.16 445715.49
84537.3 445715.49
84611.96 445697.92
84611.96 445794.54
84590.0 445856.03
84563.65 445935.08
84546.08 445970.21
84493.38 446000.96
84440.68 446022.92
84475.81 446044.87
84519.73 446115.14
84467.03 446137.1
84453.85 446198.59
84418.72 446202.98
84396.76 446088.79
84374.8 446005.35
84405.54 445948.25
84453.85 445917.51
84528.51 445847.24
84502.16 445812.11
84440.68 445812.11
84379.19 445790.15
84436.29 445724.27
84379.19 445706.7
84339.67 445763.8
84374.8 445825.28
84370.41 445891.16
84401.15 445882.38
84370.41 445948.25
0.0 0.0
84471.42 445755.01
84519.73 445781.37
84568.04 445776.97
84572.43 445750.62
84563.65 445746.23
84550.47 445755.01
84541.69 445759.41
84497.77 445750.62
84480.2 445737.45
84471.42 445755.01
0.0 0.0
84366.02 445610.08
84361.63 445640.83
84392.37 445654.0
84409.94 445618.87
84401.15 445570.56
84396.76 445535.42
84423.11 445513.46
84427.5 445482.72
84401.15 445482.72
84387.98 445561.77
84387.98 445614.48
84392.37 445627.65
84366.02 445610.08
0.0 0.0
