196566.61 312788.06
196403.86 312724.48
196252.48 312667.33
196005.1 312574.5
195908.85 312583.74
195862.74 312590.5
195844.78 312605.66
195810.83 312641.79
195783.89 312667.78
195774.16 312671.55
195748.66 312675.94
195738.26 312672.8
195720.54 312663.68
195664.1 312614.78
195531.01 312508.99
195365.44 312330.02
195184.1 312129.54
195032.19 312001.57
194809.46 311700.26
194805.65 311699.58
194801.02 311699.1
194798.85 311700.74
194798.9 311708.22
194791.42 311715.58
194791.18 311724.42
194777.9 311729.98
194779.09 311739.97
194766.24 311750.18
194759.9 311762.34
194755.41 311764.26
194745.89 311760.7
194741.89 311760.93
194728.75 311773.34
194719.44 311772.29
194713.95 311778.02
194707.68 311780.58
194699.66 311779.52
194694.13 311774.34
194689.54 311759.55
194685.5 311758.69
194680.1 311758.94
194675.34 311764.54
194666.83 311764.61
194663.15 311769.02
194657.81 311776.19
194652.91 311778.91
194646.19 311776.06
194641.95 311770.37
194638.24 311769.57
194632.46 311775.52
194620.29 311792.64
194619.04 311802.75
194607.1 311814.62
194601.34 311822.88
194595.39 311828.54
194591.09 311827.74
194582.35 311827.62
194575.38 311829.86
194568.75 311828.19
194560.34 311825.34
194552.82 311823.97
194547.9 311825.09
194543.1 311823.62
194538.75 311818.85
194535.25 311817.57
194525.66 311820.35
194519.38 311824.38
194517.9 311828.61
194518.45 311833.79
194517.49 311840.19
194514.8 311842.34
194509.89 311840.16
194506.58 311840.38
194505.2 311843.49
194504.53 311848.9
194505.49 311854.69
194501.14 311862.72
194498.06 311868.96
194497.09 311874.37
194496.54 311881.09
194491.98 311886.43
194489.01 311893.44
194486.66 311900.1
194485.3 311907.68
194480.54 311912.54
194476.45 311915.74
194459.46 311920.16
194450.98 311924.0
194441.22 311930.37
194436.94 311935.62
194436.7 311944.22
194432.53 311948.06
194428.45 311951.3
194421.42 311951.14
194414.43 311951.39
194404.05 311954.02
194397.54 311955.39
194392.53 311954.69
194388.53 311955.33
194382.43 311955.78
194374.78 311952.64
194366.83 311944.45
194363.3 311939.17
194363.14 311929.28
194363.38 311921.25
194365.23 311913.44
194362.18 311907.04
194361.82 311898.85
194364.58 311891.62
194366.05 311885.89
194364.29 311879.62
194359.66 311876.03
194354.58 311878.08
194344.66 311878.14
194324.69 311869.86
194319.95 311866.37
194312.83 311863.1
194307.7 311860.16
194301.34 311853.09
194297.41 311847.2
194295.26 311841.5
194292.21 311834.4
194287.49 311830.02
194283.15 311828.06
194280.7 311820.1
194277.98 311816.9
194275.95 311812.9
194272.91 311807.49
194266.05 311798.72
194259.98 311789.28
194256.3 311779.87
194253.65 311770.98
194253.01 311764.58
194254.06 311757.79
194254.59 311746.14
194251.41 311733.86
194245.42 311724.42
194240.08 311717.02
194236.06 311715.94
194230.13 311710.98
194225.78 311704.7
194223.18 311705.22
194219.28 311704.54
194216.05 311702.14
194213.22 311696.64
194207.2 311695.81
194201.09 311693.54
194196.94 311689.06
194196.21 311682.46
194206.56 311674.59
194213.23 311668.13
194222.86 311658.05
194225.3 311648.74
194223.65 311641.06
194218.38 311631.26
194210.21 311621.09
194201.25 311613.34
194192.61 311608.19
194186.66 311602.02
194184.88 311590.72
194187.28 311576.1
194190.34 311568.99
194187.54 311555.58
194183.98 311548.8
194179.46 311544.64
194173.95 311528.83
194168.51 311509.86
194168.64 311497.82
194170.69 311487.94
194174.58 311473.09
194175.82 311466.24
194174.54 311454.34
194174.1 311447.55
194177.86 311440.93
194182.8 311431.07
194182.75 311424.29
194180.03 311419.3
194175.18 311415.01
194169.78 311413.44
194169.1 311405.66
194166.08 311400.74
194162.85 311397.57
194156.94 311395.2
194151.39 311388.83
194146.54 311382.85
194143.86 311370.46
194143.81 311361.95
194145.25 311352.03
194143.98 311344.64
194139.22 311335.14
194131.15 311327.81
194126.4 311320.83
194126.05 311310.21
194130.45 311297.89
194137.31 311290.24
194146.69 311284.45
194153.86 311279.01
194157.01 311270.27
194155.09 311254.18
194150.4 311241.41
194142.53 311231.74
194142.38 311225.44
194143.34 311219.62
194147.94 311218.27
194151.01 311212.96
194150.38 311208.74
194149.25 311204.35
194144.98 311195.17
194146.05 311189.98
194155.46 311175.01
194155.2 311166.08
194153.04 311158.3
194152.29 311148.99
194153.63 311126.05
194212.24 310865.22
194336.05 310386.37
194324.35 310312.45
194326.48 310301.25
194325.94 310281.12
194327.28 310257.41
194324.05 310222.08
194319.28 310198.18
194315.41 310173.57
194317.41 310159.26
194322.0 310141.31
194329.7 310124.45
194331.63 310114.43
194327.63 310099.62
194319.63 310086.66
194315.02 310071.49
194310.45 310046.88
194305.79 310007.78
194302.48 309961.66
194299.36 309901.89
194297.79 309889.6
194294.88 309873.31
194292.1 309860.42
194293.63 309851.39
194300.05 309837.54
194301.5 309832.13
194299.98 309815.39
194303.63 309805.47
194306.86 309794.85
194306.51 309789.06
194302.75 309779.84
194300.1 309770.37
194297.7 309757.79
194298.21 309741.86
194293.2 309729.28
194282.85 309705.7
194266.43 309661.34
194254.82 309631.81
194236.21 309572.74
194230.66 309521.25
194230.74 309474.4
194235.89 309391.17
194216.46 309376.19
194175.94 309348.19
194142.83 309322.69
194105.65 309287.97
194087.09 309266.5
194029.7 309245.73
193970.9 309225.25
193922.66 309211.04
193875.33 309199.42
193849.36 309193.38
193825.25 309194.53
193718.5 309202.82
193713.86 309212.16
193695.15 309246.5
193672.7 309285.57
193651.18 309316.54
193626.86 309346.82
193607.5 309370.08
193592.42 309390.08
193575.5 309405.6
193563.18 309419.49
193574.54 309425.82
193521.46 309466.21
193497.26 309486.59
193471.3 309509.44
193445.04 309535.14
193429.44 309552.9
193412.83 309567.39
193394.74 309584.74
193382.75 309593.79
193356.53 309606.37
193325.98 309620.19
193299.22 309627.74
193285.82 309631.14
193271.71 309632.74
193257.82 309635.84
193247.31 309636.29
193229.7 309635.39
193218.94 309631.84
193211.82 309628.0
193200.62 309629.57
193188.9 309628.64
193177.9 309629.09
193163.95 309625.22
193155.65 309626.05
193142.45 309628.32
193132.26 309629.7
193117.54 309628.19
193092.38 309624.26
193075.73 309620.03
193062.58 309614.43
193054.05 309608.86
193047.39 309602.11
193019.62 309595.65
193003.5 309597.38
192994.53 309601.82
192991.54 309604.64
192984.75 309606.91
192975.25 309606.56
192966.74 309607.39
192959.81 309604.64
192949.78 309600.29
192944.69 309601.34
192936.82 309609.22
192932.61 309610.24
192926.1 309608.45
192920.38 309606.11
192911.86 309603.94
192900.24 309603.62
192851.63 309622.94
192852.29 309616.74
192851.09 309603.33
192847.98 309586.72
192840.03 309565.76
192828.78 309544.42
192818.45 309527.74
192812.58 309517.18
192806.3 309507.71
192795.04 309500.48
192783.57 309491.23
192777.22 309483.04
192772.77 309462.08
192768.5 309439.39
192763.65 309432.1
192754.43 309428.96
192639.1 308951.49
192967.78 308628.1
193024.14 308346.37
193014.62 308346.62
193003.44 308350.11
192977.14 308350.88
192969.09 308347.1
192960.85 308341.25
192957.09 308333.7
192962.83 308323.94
192972.78 308315.04
192988.99 308314.66
193008.61 308315.14
193028.74 308316.29
193040.03 308312.64
193046.29 308303.17
193051.66 308286.34
193059.34 308268.9
193070.74 308263.2
193082.75 308263.84
193088.88 308267.49
193093.89 308281.09
193092.08 308297.5
193085.14 308319.36
193078.13 308336.83
193074.5 308346.56
193074.85 308353.86
193079.3 308359.42
193086.7 308360.51
193097.81 308358.34
193108.78 308353.15
193117.58 308351.71
193131.04 308345.7
193141.04 308343.84
193144.1 308337.89
193148.11 308323.78
193147.84 308312.74
193143.49 308305.79
193140.46 308301.79
193137.46 308301.22
193130.54 308302.24
193124.13 308300.1
193118.21 308295.94
193115.95 308288.93
193120.3 308282.11
193127.98 308275.94
193144.05 308270.05
193158.91 308262.24
193164.29 308256.0
193165.65 308249.98
193158.75 308237.63
193156.56 308226.02
193158.26 308210.3
193163.41 308199.36
193170.58 308194.91
193179.98 308192.86
193191.09 308193.18
193218.26 308200.8
193226.08 308201.76
193232.38 308200.74
193245.94 308192.74
193250.93 308190.91
193258.13 308189.95
193264.14 308191.62
193269.49 308196.1
193285.31 308213.89
193297.89 308220.74
193305.49 308221.47
193310.38 308220.86
193309.84 308213.86
193311.1 308193.44
193313.84 308182.82
193310.91 308179.3
193296.61 308166.27
193290.45 308158.72
193291.39 308149.41
193296.29 308145.47
193307.36 308143.2
193319.01 308146.24
193330.45 308149.86
193338.14 308150.02
193345.73 308146.24
193342.83 308130.85
193339.54 308119.17
193339.49 308110.75
193343.94 308102.53
193347.79 308096.29
193354.38 308092.35
193361.46 308089.5
193368.98 308090.34
193375.41 308094.34
193384.22 308095.97
193390.62 308095.42
193398.0 308090.18
193401.34 308081.54
193402.9 308073.92
193401.15 308066.72
193391.7 308058.78
193385.65 308052.32
193380.38 308045.44
193376.69 308030.05
193377.42 308022.82
193379.01 308019.42
193382.8 308017.22
193388.3 308017.79
193399.82 308018.5
193410.35 308020.64
193417.98 308025.38
193425.94 308029.86
193431.46 308031.71
193440.74 308029.76
193444.91 308025.22
193444.69 308018.59
193442.18 308005.63
193442.22 307996.7
193445.5 307978.37
193442.35 307971.87
193429.33 307969.25
193415.1 307967.74
193408.86 307963.78
193395.66 307950.85
193385.63 307931.3
193377.86 307921.12
193364.61 307915.01
193345.06 307912.42
193313.33 307911.84
193305.9 307910.88
193301.7 307908.99
193298.14 307903.62
193298.21 307895.62
193302.74 307885.76
193308.34 307883.14
193316.3 307878.98
193319.39 307875.84
193320.66 307871.42
193319.22 307865.25
193310.5 307847.87
193308.21 307835.49
193307.06 307827.97
193309.6 307819.26
193313.36 307814.43
193318.66 307811.58
193327.58 307812.54
193337.1 307815.49
193353.18 307825.47
193358.0 307828.06
193361.81 307828.54
193363.6 307825.92
193364.58 307822.11
193361.33 307815.33
193356.5 307810.56
193353.74 307803.36
193352.9 307796.16
193355.82 307787.33
193361.49 307779.3
193367.36 307775.26
193380.46 307773.98
193385.95 307772.54
193388.75 307769.7
193396.7 307763.26
193405.1 307761.09
193412.21 307761.54
193424.86 307766.27
193429.66 307766.05
193435.25 307762.59
193439.1 307754.59
193441.25 307745.76
193444.45 307729.82
193447.81 307724.7
193453.28 307719.65
193460.78 307717.79
193467.58 307718.59
193472.61 307720.93
193476.14 307726.53
193475.18 307733.22
193467.18 307748.19
193458.29 307763.39
193458.21 307767.97
193460.34 307770.88
193466.14 307771.42
193475.04 307769.98
193488.11 307764.9
193496.82 307763.84
193498.54 307766.24
193505.09 307774.08
193508.1 307775.39
193513.1 307774.14
193522.8 307772.67
193529.5 307772.54
193535.54 307773.7
193542.34 307775.36
193549.74 307776.29
193560.56 307775.65
193569.25 307773.57
193578.05 307769.12
193587.26 307757.54
193596.96 307739.97
193605.18 307726.14
193607.98 307725.7
193610.38 307726.08
193612.3 307729.09
193614.08 307740.1
193617.02 307747.3
193620.3 307757.25
193633.68 307767.49
193641.39 307767.52
193648.58 307764.48
193651.9 307754.75
193649.06 307731.04
193647.41 307694.62
193649.1 307678.69
193653.02 307665.95
193657.55 307654.14
193667.15 307640.74
193676.5 307629.38
193687.01 307614.69
193697.58 307607.62
193706.66 307602.94
193713.93 307595.48
193727.8 307587.74
193735.53 307582.14
193740.47 307574.93
193927.56 307702.24
193944.75 307698.57
193959.75 307694.47
193962.88 307690.08
193964.75 307688.32
193984.13 307690.37
194004.44 307695.06
194012.25 307697.99
194013.82 307697.99
194016.32 307695.06
194018.5 307688.61
194021.0 307687.44
194033.82 307692.13
194037.25 307692.13
194054.75 307685.68
194063.5 307685.39
194070.69 307686.85
194093.57 307696.24
194122.7 307705.27
194149.27 307710.25
194162.7 307714.65
194183.33 307725.49
194193.02 307727.98
194208.95 307728.56
194213.95 307730.03
194221.14 307735.6
194229.89 307747.32
194233.64 307750.25
194236.45 307751.42
194239.27 307751.42
194258.64 307744.09
194261.45 307743.5
194266.14 307743.8
194268.95 307746.44
194273.02 307752.3
194276.45 307753.76
194298.95 307757.28
194312.08 307762.11
194328.64 307772.08
194341.14 307783.21
194344.27 307788.78
194350.2 307801.38
194352.7 307802.84
194355.52 307803.43
194359.27 307801.08
194363.95 307796.1
194367.39 307793.47
194374.27 307794.35
194385.2 307799.03
194388.06 307802.0
194394.89 307812.51
194414.89 307826.72
194415.83 307828.77
194416.46 307832.88
194416.46 307836.98
194418.64 307844.01
194424.58 307855.73
194430.21 307864.23
194432.08 307868.62
194447.08 307888.55
194450.21 307895.87
194452.71 307899.98
194457.71 307905.54
194462.6 307907.3
194469.79 307907.88
194477.6 307906.71
194485.41 307905.25
194487.6 307905.83
194496.98 307905.54
194506.35 307907.01
194511.04 307909.06
194517.91 307914.62
194520.73 307915.5
194536.04 307913.6
194542.29 307916.53
194561.04 307922.39
194575.41 307925.03
194578.85 307925.32
194584.16 307928.54
194592.29 307931.47
194607.91 307935.57
194619.16 307936.75
194637.0 307937.0
194650.1 307935.57
194657.6 307936.45
194683.85 307943.05
194691.04 307946.85
194699.17 307952.71
194719.79 307965.61
194731.04 307969.42
194754.79 307975.28
194759.79 307978.5
194762.92 307981.72
194766.98 307983.77
194785.73 307983.33
194796.98 307985.39
194822.29 307991.83
194851.98 307992.71
194859.79 307990.95
194867.92 307988.02
194872.63 307985.79
194922.29 307948.91
194931.04 307944.51
194940.42 307942.75
194949.17 307943.63
194955.73 307946.27
194961.04 307950.37
194975.73 307965.31
194982.92 307974.25
194988.62 307977.54
195006.56 307975.81
195034.38 307987.74
195100.57 308039.15
195111.93 308045.86
195169.15 308091.11
195232.85 308138.45
195273.98 308173.5
195310.29 308196.22
195361.66 308198.91
195396.92 308196.7
195410.35 308198.07
195457.72 308214.43
195504.45 308100.06
195637.09 308099.39
195685.95 308082.34
195730.21 308078.24
195837.82 308061.86
195917.33 308050.14
196057.06 308019.55
196102.19 308012.0
196164.93 307988.64
196201.9 307972.35
196229.65 307959.84
196259.89 307945.41
196320.74 307909.7
196355.2 307877.76
196400.66 307824.42
196449.86 307771.33
196492.21 307719.92
196483.8 307684.43
196475.13 307636.49
196469.29 307597.54
196466.35 307572.72
196464.04 307569.56
196419.2 307413.02
196435.49 307412.1
196448.08 307401.6
196452.58 307390.96
196457.86 307384.28
196464.9 307380.23
196485.09 307372.88
196497.4 307367.37
196504.46 307362.55
196545.78 307344.14
196570.23 307332.12
196574.11 307330.74
196585.52 307323.63
196590.86 307327.98
196594.86 307333.05
196600.6 307337.06
196615.28 307344.67
196625.15 307344.8
196632.82 307343.48
196641.47 307342.94
196655.59 307343.8
196694.79 307343.8
196711.46 307343.45
196729.64 307342.31
196792.98 307358.72
196814.35 307355.94
196837.1 307330.23
196868.78 307304.75
196986.54 307215.94
196999.18 307214.91
197072.47 307159.28
197112.58 307181.73
197154.68 307204.28
197178.75 307216.93
197325.89 307201.73
197472.75 307180.29
197547.34 307172.81
197570.14 307171.24
197589.09 307170.57
197613.24 307171.9
197732.93 307182.85
197768.9 307163.04
197787.79 307170.62
197815.29 307191.12
197829.17 307192.32
197840.51 307193.79
197849.32 307195.39
197855.69 307198.42
197921.07 307236.2
197932.55 307240.34
197955.18 307238.59
197969.46 307239.66
197974.8 307241.53
197980.67 307244.47
197995.45 307259.49
197999.45 307264.83
198005.19 307269.37
198015.18 307272.74
198030.74 307276.68
198047.42 307274.94
198060.23 307271.2
198098.3 307259.09
198177.46 307231.36
198210.25 307220.51
198248.66 307218.69
198269.41 307225.28
198339.25 307257.98
198410.88 307301.5
198434.38 307304.35
198465.89 307299.94
198483.25 307292.77
198515.14 307289.38
198541.91 307289.98
198546.69 307282.75
198551.29 307279.64
198557.17 307278.61
198563.6 307278.09
198577.94 307280.51
198590.99 307283.44
198604.04 307286.97
198619.29 307291.62
198653.67 307302.65
198677.18 307313.54
198708.93 307329.24
198714.62 307329.95
198721.05 307330.13
198750.83 307332.71
198786.49 307336.93
198864.42 307344.6
198948.79 307351.43
198964.33 307360.38
198980.4 307368.87
198991.17 307373.41
199020.24 307378.43
199068.83 307379.87
199082.37 307381.5
199096.91 307386.72
199122.92 307398.65
199135.74 307405.33
199145.32 307411.29
199157.6 307417.8
199171.69 307423.76
199183.79 307423.94
199262.5 307419.33
199324.38 307411.49
199353.63 307407.07
199373.34 307406.97
199402.6 307403.45
199416.68 307401.46
199423.41 307401.56
199429.51 307402.73
199453.35 307409.95
199463.9 307412.11
199470.04 307411.84
199476.29 307411.04
199511.31 307402.18
199532.51 307397.86
199544.21 307396.86
199581.77 307394.96
199589.43 307393.52
199608.96 307389.18
199625.04 307384.94
199662.36 307374.57
199690.57 307363.89
199727.34 307342.52
199728.91 307341.61
199727.44 307353.97
199709.78 307433.79
199699.74 307490.53
199671.87 307627.39
199667.5 307645.62
199662.64 307658.6
199649.19 307703.11
199644.82 307718.91
199620.52 307836.25
199610.64 307892.99
199602.98 307930.31
199598.47 307956.9
199585.36 308029.24
199570.95 308116.81
199562.11 308166.92
199559.93 308182.96
199557.98 308207.65
199555.72 308226.41
199547.83 308267.81
199534.5 308328.86
199533.4 308348.96
199563.3 308427.82
199582.76 308470.01
199590.41 308483.85
199602.07 308496.59
199627.21 308519.06
199654.12 308545.53
199674.21 308568.47
199680.69 308578.12
199707.25 308619.89
199718.76 308634.93
199731.55 308650.5
199742.61 308666.35
199762.26 308697.27
199765.48 308708.75
199782.1 308760.1
199806.3 308828.58
199811.7 308841.82
199835.66 308923.71
199850.36 308915.79
199853.06 308921.23
199862.36 308934.33
199866.79 308944.44
199868.5 308950.13
199869.09 308955.55
199868.68 308956.23
199868.59 308957.59
199871.63 308963.87
199871.53 308975.83
199893.39 309019.94
199929.22 309084.42
199966.78 309152.9
200002.83 309212.39
200034.59 309271.74
200055.52 309304.73
200085.5 309362.18
200099.05 309387.48
200120.69 309415.21
200137.99 309433.03
200161.66 309452.75
200186.59 309474.32
200189.99 309477.52
200189.3 309489.12
200187.71 309493.66
200187.71 309500.48
200191.35 309510.71
200192.49 309516.62
200190.21 309521.17
200178.62 309533.21
200177.26 309535.94
200177.26 309545.49
200177.94 309555.03
200176.13 309557.99
200149.99 309559.81
200145.0 309561.63
200142.04 309566.17
200137.38 309577.94
200130.68 309605.04
200129.54 309611.63
200133.18 309619.59
200132.5 309623.22
200126.59 309626.41
200111.36 309633.0
200107.05 309638.91
200104.09 309648.0
200105.91 309655.96
200105.91 309665.05
200100.91 309667.78
200095.68 309668.23
200090.69 309669.37
200082.59 309674.53
200071.02 309694.52
200071.02 309702.94
200068.21 309708.2
200063.65 309709.95
200058.04 309708.2
200050.68 309704.69
200042.97 309704.69
200035.25 309707.84
200028.24 309709.95
200021.38 309710.05
199997.29 309708.46
199994.56 309709.83
199986.38 309720.06
199984.59 309721.15
199970.17 309724.42
199964.34 309727.1
199962.07 309730.06
199962.07 309733.92
199946.84 309745.29
199947.3 309753.24
199945.03 309755.29
199934.8 309754.61
199927.53 309759.15
199921.85 309763.93
199920.26 309764.38
199916.62 309764.38
199907.31 309762.56
199895.94 309755.06
199885.26 309750.74
199879.36 309751.88
199867.77 309756.2
199847.09 309766.2
199837.55 309768.02
199826.64 309763.92
199808.91 309759.38
199792.78 309756.42
199787.78 309765.06
199783.13 309768.83
199759.83 309774.38
199750.29 309776.2
199741.2 309776.43
199733.24 309779.61
199720.97 309786.88
199712.79 309794.84
199699.39 309800.52
199684.16 309805.52
199666.66 309809.39
199657.57 309812.8
199656.21 309814.61
199656.21 309817.8
199657.57 309819.84
199662.57 309825.52
199667.12 309829.39
199669.16 309837.12
199670.75 309839.84
199674.39 309844.62
199675.75 309848.71
199673.94 309852.12
199670.98 309853.71
199663.03 309852.35
199651.44 309851.89
199649.17 309853.71
199649.17 309856.21
199650.76 309868.94
199649.17 309879.4
199646.44 309881.44
199633.94 309886.9
199626.22 309892.58
199622.58 309894.62
199618.26 309896.22
199606.99 309896.12
199600.08 309898.49
199587.81 309909.4
199582.36 309913.26
199572.42 309913.26
199569.08 309916.16
199567.87 309920.38
199568.07 309924.19
199571.49 309927.0
199572.89 309929.61
199572.09 309931.82
199568.68 309933.22
199564.46 309935.43
199563.06 309939.84
199559.45 309942.85
199551.82 309945.46
199542.59 309945.66
199533.36 309945.06
199527.35 309946.07
199519.12 309951.69
199502.87 309958.51
199497.25 309958.11
199493.64 309960.52
199492.23 309964.33
199493.04 309970.75
199491.43 309975.37
199488.02 309977.17
199483.61 309976.77
199477.79 309975.17
199473.17 309975.97
199470.16 309979.38
199468.96 309986.21
199473.57 310000.46
199471.57 310002.66
199468.96 310002.66
199465.35 310000.25
199461.94 310002.06
199460.53 310007.08
199460.53 310019.12
199458.13 310024.74
199451.71 310032.37
199433.97 310047.6
199428.23 310049.23
199425.16 310047.36
199422.01 310047.62
199417.6 310049.83
199408.37 310049.02
199394.21 310046.24
199387.16 310050.33
199373.98 310060.1
199369.21 310061.69
199364.21 310062.6
199358.99 310067.83
199357.62 310069.42
199351.94 310070.78
199336.49 310068.74
199329.67 310068.97
199326.04 310070.33
199320.81 310074.88
199315.81 310080.33
199307.18 310086.24
199302.63 310085.79
199298.31 310086.92
199290.59 310091.7
199263.77 310119.66
199254.46 310130.57
199244.01 310141.25
199238.1 310143.75
199232.42 310145.11
199212.65 310146.02
199199.92 310145.11
199193.12 310144.08
199175.15 310140.11
199169.7 310141.25
199166.06 310143.07
199162.43 310146.48
199157.43 310167.39
199154.47 310175.12
199151.52 310178.98
199145.38 310185.12
199120.62 310197.62
199114.03 310198.53
199098.35 310206.03
199094.03 310208.3
199091.08 310207.39
199088.35 310205.8
199083.8 310204.89
199080.17 310207.17
199075.54 310219.52
199072.67 310224.44
199068.35 310224.44
199054.49 310219.21
199043.58 310211.49
199040.63 310212.39
199031.99 310219.67
199027.22 310223.08
199010.63 310227.4
199006.32 310225.81
198996.09 310221.49
198982.68 310215.12
198978.37 310213.99
198970.41 310216.49
198963.14 310221.94
198961.55 310228.53
198961.55 310233.08
198965.87 310238.99
198965.87 310243.08
198954.28 310250.58
198950.19 310251.26
198944.51 310249.22
198940.19 310242.4
198937.24 310241.72
198932.24 310243.08
198924.06 310248.08
198919.06 310251.72
198911.79 310262.63
198904.97 310278.09
198901.33 310287.63
198896.79 310298.09
198890.43 310302.18
198882.02 310304.0
198872.7 310305.13
198869.07 310306.73
198847.25 310318.32
198841.12 310322.64
198826.57 310331.5
198812.71 310336.05
198804.08 310339.46
198789.99 310343.32
198785.44 310345.59
198782.72 310348.78
198779.96 310354.51
198775.45 310360.82
198771.13 310363.55
198762.27 310365.14
198751.81 310365.82
198746.59 310367.42
198742.27 310369.69
198731.36 310379.92
198724.77 310390.6
198720.33 310405.89
198717.71 310409.16
198712.48 310408.18
198699.73 310401.97
198691.82 310400.83
198688.19 310402.42
198685.69 310405.38
198685.69 310410.83
198688.64 310416.51
198688.94 310422.49
198685.34 310428.7
198676.83 310432.42
198675.46 310436.29
198676.83 310439.24
198680.46 310442.65
198685.23 310444.47
198684.55 310449.02
198675.69 310455.61
198669.1 310460.84
198666.37 310463.79
198664.78 310467.2
198660.47 310478.79
198655.47 310487.89
198652.28 310491.75
198642.74 310501.07
198632.52 310517.44
198628.2 310519.94
198624.56 310523.12
198620.24 310529.94
198611.15 310559.03
198604.56 310568.81
198598.43 310573.81
198593.2 310576.76
198585.93 310576.31
198576.61 310576.08
198569.34 310577.22
198560.71 310580.4
198557.53 310582.22
198552.3 310586.99
198539.35 310605.4
198534.12 310609.72
198530.49 310609.72
198520.49 310606.31
198517.99 310607.45
198505.49 310625.41
198503.45 310626.09
198491.17 310624.95
198482.99 310624.95
198478.9 310626.09
198473.9 310628.36
198468.91 310632.23
198463.0 310641.54
198457.32 310646.77
198452.09 310649.05
198445.95 310650.86
198440.73 310654.05
198432.77 310657.91
198422.55 310657.91
198414.6 310656.55
198409.6 310654.96
198405.96 310655.18
198401.19 310657.46
198390.96 310664.05
198385.96 310665.64
198377.33 310664.05
198374.37 310663.14
198370.74 310663.82
198368.47 310665.64
198364.38 310671.32
198355.06 310698.83
198349.15 310706.55
198337.11 310713.15
198328.47 310713.6
198318.93 310713.15
198314.61 310715.87
198303.71 310730.19
198300.52 310733.6
198296.98 310740.25
198283.71 310762.47
198272.8 310771.79
198262.35 310777.93
198252.81 310780.66
198244.99 310788.42
198242.58 310795.43
198235.31 310799.52
198230.54 310801.8
198228.49 310803.84
198228.49 310811.57
198226.22 310812.71
198219.63 310811.57
198208.72 310806.11
198205.99 310806.8
198205.09 310809.52
198205.99 310814.98
198208.72 310825.44
198208.04 310832.94
198205.09 310839.3
198180.09 310867.26
198177.82 310871.58
198177.82 310877.03
198180.77 310886.35
198181.23 310893.85
198178.95 310898.4
198174.64 310902.26
198163.05 310907.95
198154.19 310911.58
198151.46 310912.95
198149.87 310916.36
198150.09 310926.98
198147.33 310933.88
198141.47 310939.23
198124.56 310952.86
198107.54 310963.3
198078.5 310940.98
198066.58 310937.37
198036.93 310918.37
198008.8 310940.59
198009.92 310956.18
198009.07 310960.6
198001.59 310970.61
197996.88 310972.82
197990.99 310972.66
197985.1 310973.45
197979.72 310977.55
197965.26 310983.07
197951.38 310991.19
197936.57 311001.28
197924.38 311013.35
197920.09 311019.42
197918.91 311030.14
197918.83 311049.78
197919.67 311086.68
197925.05 311126.73
197925.69 311130.02
197924.39 311136.35
197928.36 311203.64
197931.79 311247.29
197932.22 311258.5
197930.61 311279.72
197928.63 311291.82
197925.92 311305.19
197918.33 311312.6
197907.32 311317.84
197889.26 311324.52
197884.16 311327.91
197863.82 311335.84
197851.88 311342.31
197834.78 311354.23
197808.82 311376.84
197791.8 311389.26
197762.23 311414.53
197737.54 311438.45
197683.0 311486.14
197593.53 311562.43
197524.2 311621.13
197488.71 311652.34
197457.62 311685.72
197447.53 311693.13
197429.62 311703.14
197393.96 311735.94
197379.71 311746.93
197377.39 311748.64
197369.65 311749.58
197365.78 311749.9
197361.41 311749.43
197353.16 311745.8
197342.57 311739.96
197340.38 311739.49
197338.36 311739.96
197334.83 311742.49
197329.78 311747.69
197326.17 311748.87
197306.12 311731.94
197295.42 311719.93
197289.98 311717.67
197284.72 311717.11
197279.65 311714.1
197276.27 311712.79
197272.33 311713.17
197269.32 311716.17
197266.69 311720.11
197262.94 311724.81
197259.0 311726.87
197254.87 311726.69
197252.61 311725.18
197251.3 311721.99
197247.92 311720.3
197237.4 311719.55
197219.19 311719.74
197204.52 311723.71
197199.59 311727.35
197197.23 311730.34
197197.4 311732.87
197198.91 311741.23
197210.18 311757.47
197211.19 311764.25
197209.93 311767.32
197207.24 311768.43
197203.71 311767.17
197198.83 311763.86
197195.63 311763.86
197191.76 311765.59
197190.76 311768.9
197191.93 311778.99
197192.1 311782.62
197190.42 311786.25
197188.06 311786.09
197185.54 311783.41
197181.17 311771.9
197178.81 311768.11
197176.46 311766.06
197174.27 311765.91
197172.25 311766.38
197171.07 311768.59
197170.91 311775.84
197171.07 311779.94
197170.4 311783.88
197166.87 311792.08
197164.51 311800.13
197162.66 311801.39
197160.31 311801.39
197155.52 311798.15
197152.99 311798.0
197150.81 311800.68
197150.81 311803.83
197151.48 311809.67
197158.88 311820.23
197159.55 311823.7
197158.21 311825.59
197155.35 311827.96
197143.07 311833.32
197140.38 311833.79
197137.85 311833.16
197135.83 311830.33
197133.31 311822.91
197131.46 311820.86
197128.77 311820.07
197126.25 311819.76
197124.9 311820.55
197121.03 311824.81
197117.84 311831.43
197117.16 311836.16
197117.16 311844.36
197114.3 311847.04
197109.76 311847.83
197102.11 311847.75
197100.93 311846.65
197098.91 311842.7
197097.57 311834.66
197096.39 311832.3
197092.86 311826.78
197089.16 311823.15
197085.96 311821.89
197083.77 311822.2
197082.43 311824.1
197080.24 311828.2
197079.23 311833.08
197076.37 311836.71
197074.35 311837.5
197070.15 311836.71
197050.8 311831.82
197027.34 311833.32
197020.44 311836.63
197018.93 311838.68
197017.25 311845.15
197016.24 311850.83
197013.38 311855.56
197007.32 311862.34
196996.39 311870.54
196990.41 311872.67
196983.52 311872.67
196975.95 311869.67
196963.33 311862.89
196961.15 311862.42
196959.46 311863.05
196956.27 311870.3
196953.74 311872.51
196951.39 311873.46
196949.54 311873.46
196947.02 311872.98
196944.66 311870.3
196939.36 311857.92
196936.33 311851.61
196934.48 311849.88
196930.95 311848.93
196928.6 311849.25
196925.91 311851.14
196924.06 311855.4
196921.53 311868.01
196919.51 311871.33
196917.33 311872.59
196914.97 311872.59
196912.45 311871.48
196909.76 311868.01
196902.69 311852.56
196900.84 311850.04
196898.82 311849.09
196895.96 311849.09
196894.28 311849.41
196891.0 311852.01
196887.81 311856.11
196883.43 311858.95
196876.37 311859.89
196868.12 311858.16
196865.94 311858.0
196855.84 311864.62
196851.64 311866.52
196847.6 311866.67
196842.72 311866.36
196838.44 311865.18
196830.36 311862.02
196824.31 311860.6
196814.38 311860.92
196810.34 311862.02
196806.43 311869.25
196805.26 311873.66
196804.08 311880.6
196804.92 311891.01
196804.25 311895.74
196801.89 311898.58
196798.87 311899.68
196790.54 311901.81
196782.13 311905.6
196777.92 311908.44
196773.72 311912.85
196763.79 311941.55
196762.11 311942.5
196759.08 311941.55
196755.55 311940.13
196751.18 311937.14
196747.14 311935.72
196744.78 311936.66
196743.61 311938.71
196743.94 311940.61
196748.82 311946.13
196753.7 311950.07
196755.55 311953.7
196754.88 311956.85
196752.86 311959.06
196749.83 311960.16
196738.9 311956.22
196734.94 311955.82
196733.43 311957.72
196733.26 311960.71
196735.11 311967.81
196741.34 311984.53
196741.17 311989.41
196740.16 311992.88
196737.47 311995.88
196731.58 311997.77
196726.03 312001.4
196721.66 312002.19
196712.4 312002.19
196709.88 312002.35
196706.68 312003.92
196693.98 312011.57
196688.1 312013.3
196682.88 312013.62
196680.53 312014.57
196679.35 312015.51
196678.51 312016.93
196677.5 312020.72
196676.32 312023.87
196672.45 312026.24
196664.72 312028.44
196661.52 312030.81
196661.18 312039.48
196649.74 312055.41
196644.87 312059.19
196643.27 312059.43
196641.92 312058.49
196640.24 312056.59
196637.04 312051.55
196633.68 312048.39
196617.36 312042.87
196611.14 312035.15
196606.26 312031.2
196601.89 312030.57
196598.52 312031.68
196595.83 312034.2
196592.55 312039.17
196587.84 312050.05
196585.49 312059.35
196584.81 312073.7
196582.8 312077.17
196579.26 312080.64
196575.06 312083.17
196565.81 312086.48
196554.17 312092.83
196548.48 312099.28
196544.31 312108.01
196539.75 312112.94
196525.33 312118.25
196519.64 312122.81
196514.33 312128.12
196512.81 312133.43
196507.88 312140.64
196502.57 312146.71
196496.49 312150.89
196485.87 312152.03
196479.42 312153.92
196474.11 312158.86
196461.96 312172.89
196457.41 312174.41
196449.06 312175.55
196442.99 312177.45
196435.4 312182.76
196430.66 312184.18
196441.24 312211.62
196443.92 312221.97
196448.03 312228.02
196448.59 312255.18
196450.43 312283.96
196455.84 312312.68
196459.09 312335.98
196461.44 312361.56
196463.6 312371.13
196468.03 312384.41
196470.11 312392.45
196475.66 312455.94
196480.7 312495.74
196481.81 312502.08
196482.84 312531.25
196483.2 312565.21
196484.29 312600.49
196485.73 312623.97
196493.68 312667.74
196513.86 312711.62
196536.77 312742.43
196553.46 312767.71
196566.61 312788.06
